0  -0  0  0  0  0  
0.000638872  -0.000391037  0  -0.0156797  -0.0235798  0.0246289  
-0.000953174  -0.000367522  0  -0.0154602  0.056192  0.0933576  
-0.000946198  5.09992e-05  5.89867e-05  0.00409697  0.0417673  0.0548502  
4.71783e-05  7.60175e-05  5.6335e-05  0.00409118  -0.0622452  0.0319122  
-0.000526383  5.4991e-05  0.000302922  0.00413741  0.0305775  0.0640837  
-0.0012516  -0.000308587  0  -0.014184  0.0634489  0.109992  
-0.00108809  0.000116681  0  0.00900422  0.020366  0.0432139  
-0.000756291  7.41225e-05  0  0.00297848  0.00318784  0.0537299  
-0.000756291  -9.48333e-24  8.74683e-05  0.00300572  0.0416166  0.0808099  
-0.00139708  7.45e-05  -1.32349e-23  0.00297216  0.0713534  0.112344  
9.96502e-05  -0.000433445  0  -0.0195084  -0.0598163  0.0377136  
3.26126e-05  -0  0.000413566  0.005043  -0.00307381  0.0586794  
-0.000726428  5.47724e-05  7.49089e-05  0.00298817  0.0302935  0.104458  
-0.00137638  6.00713e-05  0  0.00297777  0.0690645  0.105171  
3.39831e-05  5.78156e-05  0  0.00298123  -0.0642136  0.0444341  
-0.00067855  0.000330986  0  0.014971  0.0279293  0.0526485  
-0.00054545  2.95652e-23  0.000272691  0.00301413  0.0399456  0.060416  
-0.00102654  9.56504e-05  5.89039e-05  0.00297716  0.0713338  0.0551095  
0.000960785  0.000171589  -8.24363e-05  0.00296689  -0.0555535  -0.0045129  
0.000520173  -0  6.95698e-05  0.00299113  -0.0211929  0.0237906  
-0.000892945  6.37189e-05  0.000343738  0.00299846  0.0513259  0.0936157  
-0.0010006  9.30675e-05  9.79298e-05  0.00876276  0.0461033  0.0462939  
0.000944574  0.00025  -9.25359e-05  0.00871665  -0.0506365  0.00752088  
0.000794649  0.000166961  -6.28277e-05  0.00296677  -0.0217795  0.0199313  
-0.00116681  -0.000262829  0  -0.014167  0.0573954  0.0680466  
0.00108363  -0  0.000238607  0.0118319  -0.0514301  -0.00973024  
0.000731501  0.00025  0.000410325  0.0203426  -0.0113271  0.0128343  
-0.000948521  -0  0.000381691  0.0056857  0.0617408  0.0755969  
-0.000736852  9.83311e-05  0.000353614  0.00944764  0.0458834  0.0401337  
0.00117912  -0  0.000210149  0.00813801  -0.0645137  0.00094343  
0.000631173  0.000163889  0.000493823  0.020361  -0.00865969  0.0294555  
-0.000818899  -0  0.000449698  0.00310167  0.0555393  0.0793289  
-0.000690085  5.29396e-23  0.00038905  0.00531912  0.0322329  0.0414888  
-9.56641e-05  -6.59067e-05  0.00072849  0.0116939  -0.012173  0.0510033  
-0.000792812  -0.000151674  0.000363624  -0.000506914  0.0414909  0.0612462  
-0.00085091  -0.000156781  0.000336118  -0.00373522  0.0501715  0.0703042  
-3.42329e-05  -0.00017789  0.000623688  0.00427907  -0.033406  0.0453482  
-0.000257976  -0.000153406  0.000728489  0.00707521  0.0171015  0.057486  
-0.00107043  -0.000214928  0.000361226  0.00428005  0.0601615  0.085613  
-0.000507976  -0.000158312  0.000480432  0.00426026  0.0290973  0.0453561  
-2.77144e-05  -0.000353026  0.000728489  0.00703413  -0.0210487  0.0453376  
-0.000381163  -0.000164606  0.000604919  0.00959873  0.0429959  0.0553442  
-0.00108889  -0.000231146  0.000433235  0.00428843  0.0686821  0.0789774  
-0.000914654  -0.000183958  0.000433517  0.00426805  0.0525168  0.0533757  
2.95452e-05  -0.00022274  0.000595458  0.00675371  -0.0450535  0.042374  
-0.000346804  -0.000166312  0.000728489  0.0102597  0.0366133  0.0553445  
-0.00114387  -0.000243461  0.000354864  0.00428673  0.0659216  0.0789258  
-0.000847595  -0.000200148  0.000484207  0.00427956  0.0431704  0.0553954  
4.40155e-05  -0.000226305  0.000566969  0.00429302  -0.0491814  0.0453556  
-0.000556999  -0.000144794  0.000532899  0.0098116  0.0415283  0.0585608  
-0.001163  -0.000234038  0.000374133  0.00187754  0.0627591  0.0890602  
-0.000852631  -0.000171715  0.000407834  0.00426574  0.0471439  0.0423332  
0.000725181  -0.000567672  0.000396474  -0.00785044  -0.0534734  0.0106597  
-0.000781926  -0.0001329  0.0005201  0.0100972  0.0508638  0.0443706  
-0.00127223  -0.000222371  0.00040744  0.00428018  0.0676777  0.0850397  
-0.0010255  -0.000105613  0.000346729  0.00425846  0.0498435  0.0514441  
-0.000222538  -0.000299702  0.000728489  0.00429211  -0.0248188  0.0393223  
-0.000972267  -0.000139794  0.000438496  0.0081699  0.0564837  0.0476417  
-0.00129934  -0  0.000392999  0.0106415  0.0922214  0.072611  
-0.000724541  3.44934e-23  0.000403213  0.0109534  0.0408288  0.0299911  
-0.000498344  -0  0.000728489  0.0133186  0.0161864  0.0338388  
-0.000941443  1.6486e-22  0.000544003  0.0148625  0.0548192  0.0484795  
-0.00127611  6.58492e-23  0.000395979  0.00733333  0.0765122  0.0796769  
-0.000654601  -8.85473e-24  0.00016247  0.00277495  0.0358379  0.0345546  
0.000737676  -5.10379e-05  0.000410148  0.0117247  -0.0410802  -0.00183731  
-0.000882137  -0  0.000492971  0.00900742  0.0608315  0.0598828  
-0.00141912  -0  0.000483099  0.00807644  0.0822034  0.0710012  
0.000783405  -0.000187104  0.000444391  0.00831563  -0.0569236  -0.00061322  
-0.000515754  -5.29396e-23  0.000522735  0.0147592  0.0396905  0.0378746  
-0.000874355  4.63575e-24  0.000531038  0.0142162  0.0624774  0.0460057  
-0.00131097  -6.80436e-05  0.000429051  0.0105136  0.0624219  0.0464181  
0.000697781  -0.000178179  0.000549458  0.0150639  -0.0432413  0.0051311  
-0.000685548  -0.00029154  0.000728489  0.0121801  0.0424958  0.0439025  
-0.000885272  -0.000214926  0.000728489  0.0120102  0.0577256  0.0658544  
-0.000796981  -0.000162128  0.00099273  0.0225561  0.000300065  0.0326072  
-0.00063636  -0.000265907  0.000804336  0.0202939  0.0363487  0.0397281  
-0.000852845  -0.000241023  0.000660172  0.0202871  0.05489  0.0492752  
-0.00128959  -0.000182479  0.000677557  0.0202848  0.0814683  0.059797  
0.00116155  -0.000401746  0.000841056  0.0203109  -0.0357314  -0.00895474  
-0.000409409  -0.000188067  0.00088863  0.0202834  0.0338704  0.0585682  
-0.000628305  -0.000170365  0.000728489  0.0224721  0.0549304  0.07069  
-0.00131814  -9.83844e-05  0.000665506  0.0232666  0.069758  0.0708285  
0.00103815  -0.000279887  0.000728489  0.0202956  -0.0426094  -0.00299651  
0.000670575  -0.000400139  0.00104973  0.025437  0.00679458  0.0189381  
-0.000778513  -0.000182339  0.000728489  0.016288  0.0656893  0.0716629  
-0.00135328  -0.00015664  0.000728489  0.0202816  0.0861129  0.0692342  
0.000117457  -0.000498438  0.00089992  0.0203145  -0.0324427  0.0292525  
-0.000135578  -0.000333447  0.000954496  0.024298  0.0123673  0.0402111  
-0.000910157  -0.000371741  0.000728489  0.0163881  0.0667678  0.0681784  
-0.00126801  -0.000188922  0.000676814  0.0202769  0.0819305  0.0523513  
0.000676937  -0.000365814  0.000674922  0.0202962  -0.0465522  -0.000291846  
-0.000494175  -0.000259163  0.000936335  0.0202866  0.0373859  0.0408658  
-0.00120238  -0.000215821  0.000728489  0.020291  0.0851685  0.0707231  
-0.000616705  -0.000196299  0.000892304  0.0225368  0.0113277  0.028023  
-0.000691684  -0.000201062  0.000728489  0.0202813  0.0495545  0.0364679  
-0.000911325  -0.000177069  0.000728489  0.0202836  0.0658895  0.0661249  
-0.00118141  -0.000114947  0.000642101  0.0202697  0.0696439  0.0562815  
0.00109941  -0.000201459  0.000561915  0.0202813  -0.0470604  -0.00885597  
-0.00032039  -0.000196055  0.000808501  0.0228034  0.0357433  0.0391749  
-0.00131679  -0.000176825  0.000678297  0.0202827  0.086346  0.0789084  
-0.000942105  -0.000129597  0.000617716  0.0202708  0.0454917  0.0291919  
-0.000743345  -0.000172107  0.000638987  0.0179203  0.0365866  0.0455458  
-0.000772444  -9.90039e-05  0.00066788  0.0202663  0.0508926  0.0641742  
-0.00123411  -9.59791e-05  0.000651509  0.0202648  0.0679435  0.0597899  
0.00114505  -0.000189098  0.000564618  0.0202805  -0.0480299  -0.0122146  
0.00060826  -0.00028917  0.000988903  0.0234333  0.0180295  0.00787672  
-0.00102466  -0.000161998  0.000728489  0.0202808  0.0753306  0.0603163  
-0.00122095  -0.000119493  0.000606218  0.0202644  0.0857755  0.0507118  
4.45667e-05  -0.000319628  0.000728489  0.0202944  -0.0321328  0.0330082  
-0.000349018  -0.000213462  0.000958939  0.0202902  0.0408831  0.0487085  
-0.00133747  -0.000104013  0.000646144  0.0168879  0.0865603  0.0689939  
-0.00102127  -0.000103084  0.000481487  0.0202824  0.0582545  0.0355375  
-0.000207881  -0  0.000961802  0.0226655  0.0112102  0.0507413  
-0.000409948  -0.000221981  0.000834238  0.0229484  0.0432493  0.0659851  
-0.00110654  1.05879e-22  0.000629467  0.0202665  0.0660174  0.0796553  
-0.00117154  -6.03326e-05  0.000697599  0.0202796  0.0677873  0.0547509  
0.00121754  -0.000148244  0.000614491  0.0202822  -0.0495885  0.00401118  
-0.000984034  -0  0.000610199  0.0239193  0.052222  0.0526673  
-0.00118626  -0  0.000447599  0.0202649  0.0787253  0.058399  
-0.00126465  -0  0.000447599  0.0131146  0.078714  0.0558652  
-0.000838043  5.86006e-05  0.000697599  0.0244668  -0.00446203  0.0301861  
-0.000890092  -0  0.000646529  0.0241027  0.0616552  0.037346  
-0.000838043  -0  0.000614845  0.0202704  0.0616643  0.0476876  
-0.00130078  -0  0.000447599  0.0202649  0.0776848  0.0547986  
-0.000888353  -0  0.000768646  0.0227811  0.0292985  0.0373438  
-0.000838043  -0  0.000697599  0.0236773  0.0530431  0.0408065  
-0.00119803  -6.28091e-05  0.000697599  0.0202815  0.0667058  0.0556274  
-0.00154116  -5.46686e-05  0.00059929  0.0202808  0.0880548  0.0665027  
-0.000812838  -0  0.000697599  0.0285386  0.0287927  0.0310229  
-0.00104033  0.000106431  0.000447599  0.0226394  0.0580445  0.0485024  
-0.00109075  1.51268e-22  0.000697599  0.0226463  0.0749051  0.051637  
-0.00150963  -0  0.000447599  0.0128618  0.0887233  0.0762025  
-0.00096461  5.24591e-05  0.000447599  0.0202579  0.0521751  0.0328998  
-0.000552647  0.00025  0.000447599  0.0320731  0.0309671  0.0540431  
-0.00109075  -0  0.000447599  0.0202649  0.0643506  0.0482805  
-0.00115259  8.45361e-05  0.000447599  0.0202537  0.0664455  0.0534041  
-0.000902225  0.00025  0.0004476  0.0243763  0.0383793  0.0375405  
-0.000844864  0.00010018  0.0004476  0.0202512  0.062544  0.0354164  
-0.000852287  6.70399e-05  0.000447599  0.0202572  0.0731707  0.0424215  
-0.00133417  -0  0.0004476  0.012391  0.090363  0.0632514  
-0.000880724  0.000141825  0.0004476  0.0302462  0.0440058  0.0249901  
-0.000764929  8.98858e-05  0.000589102  0.025676  0.0555357  0.0316691  
-0.000904044  9.0843e-05  0.0004476  0.0202531  0.0753876  0.0420426  
-0.00117229  -1.05879e-22  0.0004476  0.0127434  0.109103  0.0604186  
-0.00101919  -5.29396e-23  0.0004476  0.0202649  0.0648904  0.0296376  
-0.000660449  -0  0.000800211  0.0202763  0.0195037  0.0334846  
-0.000981968  0.000117998  0.0004476  0.0202489  0.0600016  0.0399343  
-0.00126866  -0  0.0004476  0.0149575  0.105192  0.054782  
-0.000988383  -0  0.0004476  0.0180885  0.0616021  0.0296258  
-0.000927611  0.000178037  0.000505138  0.0202462  0.0455173  0.0296196  
-0.000857961  0.000156819  0.0004476  0.0202444  0.0765397  0.0296246  
-0.000799285  -0  0.0004476  0.0125819  0.0693748  0.0334889  
-0.00125342  0.000105805  0.0004476  0.0141566  0.106093  0.0580316  
-0.000846316  0.000135724  0.0004476  0.0202497  0.0502638  0.0253831  
-0.00076764  7.12863e-24  0.000554031  0.0202676  0.0485935  0.0296076  
-0.000965511  0.000142014  0.0004476  0.0202453  0.0805346  0.0440357  
-0.00120772  9.70578e-23  0.0004476  0.0202649  0.121653  0.0495952  
-0.000815959  5.16432e-05  0.000589613  0.0202577  0.0301772  0.029605  
-0.00066586  0.000140615  0.000523812  0.0235031  0.0399866  0.0330239  
-0.00111971  0.000173404  0.0004476  0.0202339  0.0613554  0.0465194  
-0.00136896  -0  0.000539938  0.0202671  0.103825  0.0608261  
-0.000934041  9.02951e-05  0.0004476  0.0202524  0.0585462  0.031774  
-0.000327668  -0.000289653  0.00102485  0.0202854  -0.00517182  0.0439037  
-0.0010237  0.00025  0.000273841  0.0202221  0.0598273  0.0400585  
-0.00115345  8.91751e-05  0.000455591  0.0202298  0.0747721  0.0575087  
-0.00124582  -1.2515e-22  0.000577151  0.0202489  0.0913346  0.0580506  
-0.000897491  0.00015197  0.000455591  0.0202223  0.0468154  0.0325513  
-0.00079804  9.44439e-05  0.000455591  0.0202319  0.0639612  0.0335986  
-0.000930664  0.000119469  0.00054579  0.0202324  0.0539408  0.0437768  
-0.00137622  0.000150962  0.000455591  0.0202223  0.0830345  0.0630548  
-0.000785459  0.000196849  0.000455591  0.0202259  0.0558176  0.0238467  
-0.00067388  0.000135453  0.000455591  0.0202332  0.0376242  0.0299537  
-0.000540912  -0  0.000438261  0.0155557  0.0711892  0.0323268  
-0.00127383  -0  0.000367585  0.0137336  0.120482  0.0608271  
-0.000649381  0.00025  0.000633488  0.026378  0.0472092  0.0240145  
-0.000334006  -0  0.000939302  0.0249689  0.0502579  0.0241324  
-0.000705215  0.00025  0.000605452  0.0250448  0.0910083  0.0302869  
-0.00109532  -7.11925e-23  0.000328317  0.0125726  0.129863  0.0504245  
-0.000680643  0.000344377  0.000578317  0.0310432  0.0709191  0.026417  
-0.000670558  -0  0.000620404  0.022871  0.0671807  0.0258002  
-0.000649694  -0  0.000443095  0.01627  0.0752847  0.0300374  
-0.0010854  -0  0.000443095  0.0125343  0.1169  0.0555814  
-0.000979318  -0  0.000443095  0.014854  0.0816698  0.0309929  
-0.000727586  -4.89911e-24  0.000443095  0.0158491  0.0418239  0.0253573  
-0.000847384  4.80404e-23  0.000443095  0.014589  0.0634478  0.0357913  
-0.00117731  -9.60809e-23  0.000443095  0.0125343  0.1116  0.0556354  
-0.000918955  -0  0.000443095  0.0125343  0.0531874  0.0266881  
-0.000930931  -0  0.000443095  0.0178285  0.0653469  0.0335484  
-0.000799799  -0  0.000443095  0.017465  0.0821164  0.0312232  
-0.00118044  8.62828e-23  0.000443095  0.0125343  0.104824  0.0606777  
-0.000941246  -0  0.000443095  0.0125343  0.0910689  0.0429978  
-0.000671508  6.059e-05  0.000443095  0.0125277  0.043033  0.031211  
-0.000770918  4.80405e-23  0.000443095  0.0151459  0.0689202  0.031214  
-0.000980722  4.31414e-23  0.000443095  0.0125343  0.0997638  0.048292  
-0.000967687  -4.80405e-23  0.000443095  0.0125343  0.102156  0.0466018  
0.00100448  -5.29396e-23  0.000443095  0.0175024  -0.0411114  -0.0194891  
-0.000791104  0.00025  0.000443095  0.0241668  0.0659638  0.0246272  
-0.00102311  -0  0.00030997  0.0125839  0.098612  0.0448152  
-0.000839563  -0  0.000443095  0.0116504  0.110739  0.035508  
-0.000611114  0.000409408  0.000238595  0.0273692  0.0355444  0.0194719  
-0.000762163  -0  0.000443095  0.0152488  0.0858246  0.0225664  
-0.00112907  -9.6081e-23  0.000443095  0.0151663  0.116495  0.0505119  
-0.00102455  -0  0.000677123  0.0205864  0.0757627  0.038174  
-0.000803405  0.000157557  0.000552156  0.0268098  0.046382  0.0296018  
-0.00105216  -1.30752e-22  0.000602987  0.0205477  0.0872265  0.0413302  
-0.00114999  -0  0.000667436  0.0229414  0.102219  0.0511804  
-0.00101395  -4.72799e-23  0.000706321  0.0247652  0.034736  0.030172  
-0.00100163  1.15116e-22  0.00053088  0.0224886  0.0700418  0.0336948  
-0.00107567  -0  0.000637572  0.0223262  0.095035  0.0592769  
-0.00103391  7.46731e-05  0.000697887  0.0297246  0.0778689  0.0394573  
-0.000785552  -0  0.000685313  0.029742  0.0393871  0.0301472  
-0.000906533  -0  0.000659296  0.0297357  0.083988  0.039463  
-0.00110242  9.06748e-05  0.000704163  0.0221385  0.113487  0.048804  
0.001218  -8.07192e-05  0.000713779  0.029754  -0.0308855  -0.0208971  
0.000634736  -0.00031169  0.00116337  0.029781  0.0323666  -0.0061392  
-0.000934901  1.05879e-22  0.000732984  0.0297176  0.0837041  0.0499654  
-0.0012213  0.000107886  0.00049803  0.0236344  0.0870808  0.0425156  
-0.000975999  0.00035111  0.00049803  0.029657  0.0469264  0.0284518  
-0.000913755  0.00025  0.00049803  0.0296697  0.0620043  0.0326948  
-0.00109252  0.00010877  0.000654341  0.0241427  0.0760803  0.0561713  
-0.00136035  0.00025  0.00049803  0.0260559  0.0849942  0.0509874  
-0.00084454  0.00025  0.000411001  0.0296624  0.0410492  0.0288902  
-0.00084454  -0  0.000638919  0.0297065  0.0553271  0.0358274  
-0.00147419  0.00014678  0.000670487  0.0237045  0.10283  0.0792181  
-0.00132006  0.000196421  0.00049803  0.0296711  0.0884667  0.035177  
-0.000871299  0.000103867  0.00074803  0.0296913  0.0362223  0.0351924  
-0.00105051  -0  0.000638873  0.0297067  0.0629972  0.0431542  
-0.00161148  0.00025  0.00049803  0.029653  0.089378  0.0716032  
-0.0011824  0.00025  0.00049803  0.0296689  0.0629919  0.033151  
-0.000701009  0.000219047  0.00074803  0.0296828  0.0332727  0.0376837  
-0.00128565  0.00025  0.00049803  0.0296653  0.0675185  0.0576291  
-0.00122011  5.74562e-23  0.000753251  0.0297321  0.105654  0.0569673  
-0.000798342  0.000106431  0.00049803  0.0296906  0.0471729  0.0280724  
-0.000762387  5.72579e-05  0.00074803  0.0297104  0.0510203  0.0316219  
-0.000916571  -0  0.00074803  0.0297227  0.0688568  0.0356967  
-0.00109251  0.000146856  0.000634914  0.0249754  0.0980206  0.0549069  
-0.000919986  0.00025  0.000559228  0.0296732  0.0817933  0.04046  
-0.000835452  0.00025  0.00049803  0.0296733  0.0469695  0.0269918  
-0.000768041  2.47776e-23  0.00074803  0.0297196  0.0567299  0.0344753  
-0.00113236  0.000139779  0.000733896  0.0297112  0.0795478  0.0555743  
-0.000802354  0.00025  0.00074803  0.0297032  0.0336721  0.0262569  
-0.000776119  0.000195453  0.00049803  0.0296867  0.0536794  0.0273882  
-0.000827833  7.48563e-23  0.000690427  0.0297222  0.0822035  0.0332035  
-0.000821137  0.000198272  0.000686674  0.0297036  0.0971517  0.0386903  
-0.000701009  0.00025  0.00049803  0.0330963  0.0431298  0.0177858  
-0.000701009  0.00013932  0.000639082  0.0296999  0.0581391  0.0228568  
-0.000919674  0.000135016  0.00074803  0.0297159  0.0646796  0.0449436  
-0.0011595  0.00025  0.00064514  0.029688  0.0824235  0.0430762  
-0.000761684  -1.05879e-22  0.000800806  0.0332262  0.024165  0.02317  
-0.000628365  -7.21771e-23  0.000665717  0.029712  0.0556973  0.0273622  
-0.000898007  -6.72882e-05  0.000863626  0.0297406  0.083172  0.0443515  
-0.000923104  8.01816e-05  0.000578433  0.0297013  0.0977661  0.0345379  
-0.000701009  7.16945e-23  0.000661265  0.0297073  0.0127071  0.0214819  
-0.000589538  -0  0.000849139  0.0318705  0.0516403  0.0238629  
-0.00110166  0.000105766  0.000613864  0.0292618  0.0910604  0.0488093  
-0.000991662  -0  0.00076099  0.0309183  0.0997092  0.03782  
0.000380987  -0  0.00103884  0.0393634  0.00112023  -0.00806179  
-0.000685666  -5.55268e-05  0.000814548  0.0331474  0.0590809  0.0316673  
-0.00113142  -5.87957e-05  0.000797857  0.0290089  0.0928128  0.0555137  
-0.000825712  8.54459e-23  0.000788099  0.0290006  0.0656562  0.0350604  
-0.000661039  -1.05879e-22  0.000906963  0.0334574  0.0257216  0.0273504  
-0.000711015  -0  0.000714607  0.0289959  0.0679209  0.027361  
-0.000661039  -5.61158e-05  0.000738786  0.029002  0.0740631  0.0443192  
-0.000911906  -5.06836e-05  0.000715706  0.0253034  0.0828097  0.0364181  
-0.000333223  -0.000109927  0.000980929  0.0323866  0.00200737  0.0140009  
-0.000609729  -0  0.000820519  0.0347103  0.0660819  0.0203843  
-0.000989981  -6.18834e-05  0.000906964  0.0332668  0.11913  0.0363032  
-0.000791509  -5.79505e-05  0.000906964  0.0359425  0.0820192  0.0178584  
-0.000411039  -0.00014715  0.000906964  0.0293346  0.0397874  0.0124089  
-0.000627438  -0.000127291  0.000906964  0.0298214  0.0716404  0.0252575  
-0.00100921  -6.8321e-05  0.000906964  0.0338559  0.120042  0.0377107  
-0.000411039  -6.88783e-05  0.00101372  0.0381125  0.0262864  0.0058201  
-0.000411039  -0.000238035  0.00127144  0.0398396  0.0563704  0.0171688  
-0.00100154  -6.96042e-05  0.000967621  0.0367205  0.107156  0.0421236  
-0.000837101  -0.000193824  0.000983301  0.0390461  0.0725744  0.0182433  
0.000805702  -0.00041663  0.00145073  0.0422059  -0.00543881  -0.011807  
0.000535455  -0.000570462  0.00157799  0.0462906  0.0714222  0.00387068  
-0.00086205  -0.000386668  0.00121373  0.0441616  0.105007  0.0477084  
0.000627847  -0.00039444  0.00142061  0.0469837  0.00458157  -0.0174744  
0.000838137  -0.00056041  0.00163948  0.0522559  0.00281996  -0.00398618  
-0.000618703  -0.000410225  0.00134005  0.0552347  0.0821119  0.0375641  
-0.000679826  -0.000434584  0.0012676  0.0535887  0.0874903  0.0235646  
0.00102694  -0.000632619  0.00163948  0.0542851  -0.00150387  -0.00979932  
0.000860847  -0.000697189  0.00180829  0.0586051  0.0382187  0.00649615  
-0.000965596  -0.000408414  0.00141533  0.0559199  0.10014  0.0576842  
0.000507138  -0.000639422  0.00167704  0.0612993  0.0299757  0.00585768  
0.00117901  -0.000692199  0.0015184  0.0572438  -0.0089182  -0.00742791  
0.000857437  -0.000489107  0.00167005  0.0618197  0.0414713  -0.00410583  
-0.000907555  -0.000474618  0.00133539  0.0626982  0.092047  0.0561773  
-0.000948191  -0.000482231  0.00136915  0.0644216  0.0780738  0.0383002  
0.00111124  -0.000675184  0.00170239  0.0637334  -0.0024435  -0.00792089  
0.00059675  -0.000618328  0.00171808  0.0634787  0.0419011  0.00587527  
-0.000751044  -0.000323358  0.00141456  0.0616918  0.0892076  0.0510976  
0.00108097  -0.000636514  0.00164898  0.0642106  -0.00840318  -0.014877  
0.000835588  -0.000589936  0.00170998  0.0623966  0.0241282  -0.0106003  
0.000454719  -0.000634181  0.00164898  0.058445  0.0435716  0.0148422  
-0.00107126  -0.000287475  0.00134493  0.0525925  0.0998397  0.0605165  
-0.000723398  -0.000281539  0.00134347  0.0567859  0.0513932  0.0309998  
-0.000628502  -0.000253676  0.0013886  0.0533662  0.053364  0.0253894  
-0.000775047  -0.000279769  0.00127239  0.0561082  0.0707009  0.0361356  
-0.00122867  -0.000354804  0.00126322  0.0514889  0.116782  0.0616671  
-0.000750771  -0.000372702  0.00124497  0.0553125  0.0720309  0.0237624  
0.000906139  -0.000454536  0.00129497  0.0567287  -0.00700084  -0.0229584  
0.000327324  -0.000445519  0.00154717  0.0617072  0.07193  -0.00205401  
-0.000987332  -0.000134414  0.00122503  0.0553706  0.121099  0.0429892  
-0.000516574  -0.00028065  0.0012894  0.0628899  0.0609142  0.021649  
0.000755873  -0.000324699  0.00154953  0.0598907  0.0176802  -0.0158008  
0.000536911  -0.000458619  0.00168615  0.0601259  0.0507676  -0.00621611  
-0.000917711  -0.000171682  0.00115549  0.0500705  0.110659  0.0470509  
-0.0006402  1.05879e-22  0.00136659  0.0580616  0.0652025  0.0303255  
0.00056071  -0.00025902  0.00157508  0.0551197  0.0179476  -0.00617746  
0.000282974  -8.89039e-05  0.00133912  0.0508227  0.0536072  -0.0037026  
0.000429611  -0.000330355  0.00151837  0.048994  0.0494872  0.00382315  
-0.000913826  -0.000102183  0.00122812  0.0512866  0.0927109  0.0473273  
-0.000705521  -0.000250429  0.00125405  0.0528537  0.0783928  0.0200791  
0.000433178  -0.000484587  0.00149247  0.0554245  -0.00205319  -0.00694459  
-0.00047721  -0.000397672  0.00145536  0.0604509  0.0785496  0.0285105  
-0.000850581  -0.000247469  0.00137346  0.0594218  0.109001  0.0324103  
0.000695545  -0.000532571  0.00150162  0.0572751  -0.00123408  -0.0259875  
0.00070877  -0.000388614  0.00152034  0.0604431  0.0362288  -0.0157925  
-0.000818592  -0.000277603  0.00133967  0.0584545  0.111448  0.0384569  
0.000771875  -0.000468105  0.00161302  0.063026  0.051147  -0.0190196  
0.00110147  -0.000642495  0.00143655  0.0608339  0.00323604  -0.0190519  
0.00080952  -0.000885082  0.00181966  0.0631138  0.04331  0.00755901  
-0.0010741  -0.000386146  0.00137032  0.0601509  0.0926047  0.0539989  
0.000718201  -0.000642418  0.00175747  0.0624652  0.0208171  -0.00285924  
0.00120339  -0.000678688  0.00175152  0.066945  0.00574286  -0.000504475  
-0.000888052  -0.000498334  0.00148404  0.0638855  0.0845779  0.0494382  
-0.000771613  -0.000376369  0.0014283  0.0537561  0.0965987  0.0535803  
0.00123409  -0.000468528  0.00161806  0.0538219  0.00694753  0.00955936  
0.00130915  -0.000368654  0.00144076  0.0512984  0.0227972  -0.00744685  
0.000758899  -0.000465635  0.00156987  0.0514144  0.0471143  0.00955277  
-0.00114745  -0  0.00109816  0.0410361  0.118756  0.075367  
-0.000897775  1.18112e-22  0.00108939  0.0463462  0.0834693  0.0461292  
0.000782438  -0.000585716  0.00167774  0.0534513  0.00336932  0.00248819  
0.00080456  -0.000556901  0.0018098  0.0591788  0.0396913  0.00414367  
-0.00068142  -0.000494075  0.00158557  0.0540918  0.10807  0.0517533  
-0.000280343  -0.000521723  0.00169243  0.0521684  0.0559297  0.0368905  
0.000934505  -0.000580885  0.00173632  0.0470176  0.0121018  -0.00188645  
0.000729714  -0.000467421  0.00163086  0.0432215  0.0467395  -0.00187328  
-0.000212961  -0.000296111  0.00151104  0.0461531  0.0663637  0.042324  
-0.000471565  -0.000173122  0.00152726  0.0444441  0.0915853  0.069595  
-0.000318506  -0.000459964  0.00160613  0.0461962  0.0610115  0.0375597  
0.000541318  -0.000553533  0.00177839  0.0493261  0.00704884  0.00476592  
0.0006289  -0.000684711  0.00188653  0.050913  0.024014  0.00647868  
-0.000445136  -0.000674315  0.00169774  0.0489687  0.0849839  0.035264  
0.000109876  -0.00069269  0.00174612  0.0434292  0.0554131  -0.00187546  
0.000831064  -0.000759846  0.00173767  0.0483133  -0.0125896  -0.0335848  
0.000737819  -0.000838793  0.00184432  0.0471037  0.0472276  -0.0322401  
0.000364693  -0.000784179  0.00172288  0.0462162  0.103157  -0.00269438  
0.000479714  -0.000737592  0.00175339  0.0456728  0.0641561  -0.0345144  
0.00131447  -0.000899855  0.00171141  0.0441405  -0.013196  -0.0544585  
0.000931225  -0.00106144  0.00187378  0.04596  0.0562234  -0.046262  
-0.000144391  -0.000976297  0.00181625  0.0458224  0.118291  0.00245752  
0.000803199  -0.00106144  0.00189918  0.0442471  0.0555494  -0.0414038  
0.00120616  -0.00123858  0.00179051  0.0404857  0.00884755  -0.0580853  
0.000539967  -0.00106144  0.00197209  0.0475366  0.0685157  -0.0365254  
-2.36772e-05  -0.000955889  0.00191129  0.0475572  0.0822473  -0.016043  
0.00114125  -0.00106144  0.00178241  0.0469245  -0.00193569  -0.0594952  
0.00108597  -0.00106144  0.00197209  0.048077  0.0369642  -0.0553048  
9.79059e-05  -0.00106144  0.00191012  0.0468847  0.0922776  -0.0074769  
0.000712373  -0.00106144  0.00197209  0.04658  0.046165  -0.0384474  
0.00145503  -0.00106144  0.00178596  0.0439075  -0.0243866  -0.0592225  
0.000962373  -0.00106144  0.0018945  0.0454023  0.0318603  -0.0531999  
3.4506e-05  -0.00116435  0.001911  0.0466088  0.0739603  -0.00181146  
8.8236e-05  -0.00106144  0.00206395  0.0473882  0.0723017  -0.00831602  
0.00106381  -0.00106144  0.00197209  0.0453754  0.00627066  -0.0341731  
0.000962373  -0.00106144  0.00197209  0.0477721  0.0244657  -0.0372533  
0.000902628  -0.000800997  0.00197209  0.0495359  0.0393198  -0.00355021  
-0.000657243  -0.000443177  0.00151099  0.045746  0.0941458  0.0446052  
0.000962373  -0.000590986  0.00171004  0.0448372  0.0193767  -0.023043  
0.00103445  -0.00066151  0.0016936  0.0477806  0.00492533  -0.0318463  
0.000569547  -0.000684254  0.00192045  0.0509329  0.0485501  -0.00476033  
-5.73509e-05  -0.0009367  0.00184959  0.0465357  0.0756203  -0.00667928  
0.000962142  -0.000862462  0.0017651  0.043072  0.000935311  -0.0525231  
0.00133415  -0.000975309  0.00174488  0.0447739  0.0117366  -0.0591105  
0.000713247  -0.000802682  0.0019721  0.0448306  0.0678528  -0.0373993  
0.000406737  -0.000887764  0.0017834  0.0437553  0.0778102  -0.0237193  
0.00148179  -0.000160214  0.000834472  0.0231144  -0.0436059  -0.0640749  
0.000738125  -0.000184654  0.00114183  0.0329809  0.0566789  -0.0308721  
0.000467505  -0.000212163  0.00108862  0.0331867  0.114018  -0.0165635  
0.000612967  -0.00031288  0.00136605  0.0387934  0.0197818  -0.0215906  
0.000988125  -0.000248444  0.00120256  0.0398921  -0.0193734  -0.0301186  
-0.000261149  -0.000301741  0.00123652  0.0402449  0.0857639  0.00828122  
-5.07616e-05  -0.000405407  0.00130826  0.0345415  0.0578013  0.00290625  
0.00106565  -0.000280956  0.000967712  0.0346489  -0.0511036  -0.0284348  
0.000257622  -0.000364459  0.00119726  0.0337882  0.0485125  -0.00753354  
-0.000634006  -0.000216545  0.000988897  0.0282217  0.0921914  0.0254424  
0.000988125  -0.00018087  0.00111988  0.0307152  -0.0140013  -0.0387788  
0.00142628  -0.000151518  0.00102163  0.0322896  -0.00660902  -0.0400405  
-0.000622141  -0.000185195  0.000838623  0.0281946  0.0878994  0.0300211  
0.00011257  -0.000185195  0.0012241  0.0323319  0.0336872  -0.0122923  
0.000635885  -0.000185195  0.00125913  0.0341331  -0.0119689  -0.0215701  
-0.000150893  -0.000365509  0.0013016  0.0332755  0.0654487  0.0140604  
-0.000542755  -0.000185195  0.000821477  0.0309561  0.0888227  0.0168578  
0.000726627  -4.41714e-05  0.0010182  0.0336978  -0.0139233  -0.0257884  
0.000214234  -0.000185195  0.00124395  0.0325583  0.0387235  -0.00389464  
-0.000896247  1.03847e-05  0.000859167  0.0289887  0.124427  0.0364341  
-0.000448164  -7.8364e-05  0.000941062  0.0326727  0.0483541  -0.0046165  
0.00087981  -0.000185195  0.00121293  0.0323231  0.0105434  -0.0343789  
-0.000497701  0.000156034  0.00101519  0.0405188  0.0683009  0.0176253  
-0.000740912  -0.000103442  0.000949709  0.0311138  0.107434  0.033422  
