9.16583246540764390006
8.01912
2.57771225589589984689
3.72313
1.72037
4.86844537224781082190
4.29639
3.15127053498387759064
6.01386
5.72628279087977743753
2.00625397680792210313
2.00475
5.44090365133578856566
7.44606
7.44505762814371066880
8.01882
3.72372881407185533440
1.14651655817595548750
4.29669
19.18950234944725441575
29.7877
6.87349934905573292504
2.00675397680792210313
2.28993311635191097501
4.29539
2.00495397680792210313
1.43059569771994435938
3.43525
4.29558709315983307815
.00030000000000000000
.57225827908797774375
3.43684967452786646252
2.57731
0.573458
1.14631655817595548750
2.86419
.85853741863196661563
0.570458
1.43059569771994435938
1.43169569771994435938
3.15077
3.43564967452786646252
4.86875
1.14461655817595548750
2.29263311635191097501
2.29043311635191097501
2.86339139543988871876
5.4403
3.43684967452786646252
0.284279
2.57821
2.29013311635191097501
1.14701655817595548750
0.001
4.01071
2.29303311635191097501
1.14341655817595548750
0.0001
3.43615
1.43119569771994435938
3.43665
1.43109569771994435938
.57295827908797774375
3.43764967452786646252
.57315827908797774375
1.72017483726393323126
2.29263
0.573558
2.57661
3.72312881407185533440
1.71837
5.44310365133578856566
3.15127
0.572758
2.00495397680792210313
2.00575
0.571458
1.14471655817595548750
2.29083311635191097501
1.14412
2.57811
2.57771225589589984689
1.4311
1.43169569771994435938
0.861237
0.572058
6.30274106996775518129
4.58447
2.00425397680792210313
0.859137
2.57901225589589984689
26.0667
12.88936127947949923446
1.71887
3.72242881407185533440
.28727913954398887187
1.71817
5.15652451179179969378
2.57661225589589984689
4.58127
11.1726
10.3168
33.5133
50.69660769928603032222
14.0339
2.00445397680792210313
8.87925332586365502818
4.29909
1.4328
1.14512
.85963741863196661563
3.72243
.28827913954398887187
1.433
1.4307
11.45896558175955487507
8.3086
2.86329
11.17128644221556600320
9.45281
1.14522
7.44745762814371066880
1.14612
5.15702451179179969378
1.14642
12.031
3.14857053498387759064
1.14392
.28627913954398887187
4.87015
2.00495397680792210313
0.859437
1.43279569771994435938
5.44100365133578856566
4.86755
4.86924537224781082190
2.00585
.85923741863196661563
3.72402881407185533440
2.00445
6.58822020951174405316
8.02192
4.00821
8.02081590723168841255
4.00931
2.86409139543988871876
1.71787483726393323126
8.3065
8.30649504677567728443
7.44786
.28607913954398887187
8.30609504677567728443
9.16583
5.15562451179179969378
5.15552
3.15137053498387759064
0.287479
4.00941
8.59337418631966615630
8.02092
6.01556193042376630941
