2320
2428
2326
2356
2290
2176
2323
2343
2492
2293
2278
2190
2398
2379
2296
2347
2410
2333
2346
2205
2250
2293
2091
2092
2250
2337
2405
2162
2319
2171
2331
2264
2384
2362
2251
2468
2239
2414
2304
2499
2380
2235
2314
2368
2209
2318
2168
2425
2348
2392
2321
2227
2283
2197
2253
2466
2231
2322
2113
2313
2257
2249
2376
2347
2248
2233
2223
2327
2364
2273
2170
2220
2440
2322
2485
2446
2223
2268
2374
2312
2300
2247
2248
2388
2243
2257
2310
2329
2327
2225
2288
2184
2319
2299
2300
2324
2226
2285
2243
2177
2361
2609
2228
2332
