565.46922735
565.44426553
565.55070640
565.44140808
565.48189349
565.46835440
565.44688052
565.55497130
565.43046532
565.52197754
565.44074926
565.51579514
565.49989078
565.43890322
565.53525768
565.46166635
565.49919633
565.50815736
565.46434573
565.58602195
565.40074102
565.44884675
565.48387223
565.54110672
565.44455648
565.51636925
565.47738307
565.43254660
565.53988297
565.44373825
565.50703829
565.48183251
565.45771811
565.53932387
565.45204326
565.49243978
565.51786337
565.45171105
565.53346081
565.46842950
565.48599362
565.51708110
565.42624582
565.52063550
565.44938076
565.51600046
565.50666994
565.44969396
565.54812944
565.43004729
565.53007736
565.49987977
565.43925123
565.53828008
565.45093673
565.47546767
565.51872685
565.48047420
565.49708219
565.48961286
565.47301413
565.52069257
565.44971782
565.48887070
565.52413440
565.46088544
565.48549305
565.50017336
565.45542527
565.51892684
565.47334671
565.50340465
565.50186166
565.45833215
565.50370422
565.48264145
565.50377058
565.50938359
565.46551002
565.48238597
565.50707980
565.47952309
565.48534573
565.50734954
565.48271809
565.43898387
565.53730158
565.48316824
565.46881336
565.48533413
565.64003285
565.27786219
565.47232728
565.54017217
565.43647535
565.45461899
565.50738485
565.49072967
565.52020834
565.42799838
565.43389343
567.26733650
565.61129705
563.95372884
565.12105912
565.36516637
565.42953039
565.41851635
565.45348225
565.42551730
565.59659073
565.44047017
565.53313172
565.50250450
565.49344787
565.51014399
565.48127100
565.46295347
565.49216895
565.47417929
565.48635989
565.52048618
565.46457040
565.51197079
565.47762338
565.45630242
565.54734016
565.42049413
565.51073983
565.45330996
565.47990743
565.48432291
565.49393184
565.51564750
565.47314641
565.48797913
565.49366928
565.47951747
565.49829806
565.47363687
565.50943267
565.45496272
565.48537448
565.50520288
565.45593071
565.53339712
565.47406994
565.46059097
565.54070841
565.46208858
565.45643882
565.49787835
565.45866873
565.53299844
565.46137370
565.48926909
565.49147485
565.48177209
565.53951493
565.44920161
565.53287524
