304
344
304
311
346
323
330
356
323
307
317
314
306
327
313
335
342
368
293
348
303
321
352
311
309
305
310
302
313
326
328
308
328
311
311
364
329
329
313
307
316
356
316
351
312
323
323
300
342
312
314
304
323
311
322
320
303
351
298
301
302
310
303
292
294
290
302
305
291
295
296
293
301
293
299
293
332
303
319
323
377
376
333
309
303
319
346
312
298
314
317
291
299
309
295
303
300
330
319
317
321
350
287
289
298
296
295
302
295
291
297
301
297
299
297
299
291
301
294
302
293
295
347
298
297
307
273
302
294
297
304
310
304
299
298
304
283
282
305
314
296
296
348
294
299
295
295
297
298
299
300
296
286
296
297
297
302
301
293
323
295
297
302
294
293
307
300
301
301
279
304
300
306
308
296
355
299
308
338
319
304
301
314
305
301
298
301
301
297
301
310
303
304
305
308
357
354
312
329
327
325
308
325
322
308
330
335
328
315
342
317
331
334
406
325
326
312
555
532
298
294
295
320
296
290
299
292
296
306
299
294
296
300
295
296
297
295
350
293
299
294
304
297
297
293
303
299
298
297
300
293
299
288
301
293
305
339
298
301
434
292
296
320
294
298
299
302
293
297
297
307
288
322
289
304
301
362
298
305
361
316
324
352
334
353
295
296
293
296
298
296
298
300
312
312
290
298
293
291
292
298
298
296
336
295
337
297
298
343
293
372
296
294
313
303
301
300
300
299
299
299
301
312
304
318
292
298
296
294
291
294
293
292
313
339
306
300
304
301
338
312
336
345
342
305
323
296
297
298
302
297
296
295
299
301
296
301
303
307
294
302
301
306
309
304
324
303
293
