.00192698749999999740
.00286145055555555423
.00309813111111110983
.00018352861111110169
.00023820083333332400
.00128726638888888884
.00196179916666666468
.00045467222222221801
.00120899583333333287
.00024719666666666441
.00087079499999999425
.00216892611111110928
.00275245472222222213
.00261986055555555475
.00036553694444444326
.00144532777777777453
.00146892611111111031
.00130373777777777460
.00036553694444444326
.00029252444444444296
.00270338916666666584
.00671051611111111035
.00518878666666666591
.00219626222222222135
.00101273361111111050
.00080000000000000000
.00157453277777777620
.00183446305555555410
.00095806138888888534
.00248691777777777767
.00060338916666666298
.00233072527777777576
.00005993027777776438
.00180525805555555408
.00112172944444444356
.00073633194444444008
.00249626222222222078
.00034719666666666026
.00151273361111111033
.00026892611111110055
.00336331944444444349
.00064906555555555403
.00201799166666666639
.00003820083333331879
.00197266388888888773
.00038913527777776714
.00011647138888885973
.00030899583333333153
.00072546722222221728
.00117453277777777662
.00058539749999999145
.00164532777777777762
.00063446305555555399
.00104345888888888670
.00032172944444444310
.00169626222222222174
.00190525805555555387
.00114532777777777659
.00001460250000000000
.00161273361111110969
.00170899583333333203
.00039439333333332347
.00179813111111110860
.00180152027777777733
.00110525805555555214
.00303785222222222159
.00237266388888888769
.00089252444444444209
.00057453277777776961
.00058726638888888405
.00082359833333333063
.00284532777777777651
.00060186888888888417
.00060000000000000000
.00041460250000000000
.00139100416666666387
.00188539749999999734
.00418165972222222189
.00077453277777777745
.00130899583333333036
.00129439333333333032
.00235993027777777578
.00194906555555555390
.00068539749999999270
.00186366805555555413
.00129252444444444067
.00251799166666666512
.00010373777777777004
.00023633194444444026
.00148539749999999663
.00220712694444444223
.00134906555555555194
.00146179916666666628
.00040899583333332382
.00135806138888888597
.00077453277777777745
.00067079499999999254
.00158165972222221995
.00208539749999999760
.00236892611111111061
.00215432361111110927
.00004158999999987977
.00120338916666666482
.00060525805555555392
.00059439333333333239
.00194906555555555390
.00146179916666666628
.00025093444444444050
.00125093444444444409
.00154906555555555491
.00180525805555555408
.00177453277777777607
.00108165972222221993
.00077079499999999351
.00191612277777777590
.00065654111111110932
.00156705722222221993
.00043446305555554433
.00126331944444444058
.00174345888888888630
.00254006972222222081
.00032733611111110243
.00057079499999999124
.00220899583333333157
.00591051611111111091
.00074532777777777744
.00046179916666665824
.00126366805555555213
.00267453277777777664
.00380152027777777742
.00001647138888861531
.00195280333333333134
.00164345888888888851
.00015467222222222062
.00182359833333333302
.00176366805555555436
.00060000000000000000
.00240712694444444288
.00183633194444444330
.00070899583333332784
.00048539749999998969
.00135993027777777637
.00061647138888888428
.00175432361111110854
.00038165972222221720
.00071086472222221718
.00130000000000000000
.00499439333333333288
.00061086472222221999
.00054193861111111099
.00045432361111111097
.00061273361111110919
.00070899583333332784
.00201986055555555369
.00092920500000000000
.00172172944444444290
.00039287305555554455
.00001425388888865070
.00231086472222222043
.00210373777777777713
.00159065555555555458
