 0.00000000  1835.00000000
 1.00000000  1828.00000000
 2.00000000  1808.00000000
 3.00000000  1836.00000000
 4.00000000  1804.00000000
 5.00000000  1812.00000000
 6.00000000  1812.00000000
 7.00000000  1819.00000000
 8.00000000  1839.00000000
 9.00000000  1828.00000000
 10.00000000  1819.00000000
 11.00000000  1805.00000000
 12.00000000  1838.00000000
 13.00000000  1806.00000000
 14.00000000  1824.00000000
 15.00000000  1811.00000000
 16.00000000  1815.00000000
 17.00000000  1828.00000000
 18.00000000  1782.00000000
 19.00000000  1789.00000000
 20.00000000  1805.00000000
 21.00000000  1882.00000000
 22.00000000  1820.00000000
 23.00000000  1835.00000000
 24.00000000  1843.00000000
 25.00000000  1798.00000000
 26.00000000  1856.00000000
 27.00000000  1798.00000000
 28.00000000  1837.00000000
 29.00000000  1781.00000000
 30.00000000  1812.00000000
 31.00000000  1826.00000000
 32.00000000  1808.00000000
 33.00000000  1809.00000000
 34.00000000  1814.00000000
 35.00000000  1818.00000000
 36.00000000  1784.00000000
 37.00000000  1813.00000000
 38.00000000  1822.00000000
 39.00000000  1779.00000000
 40.00000000  1792.00000000
 41.00000000  1820.00000000
 42.00000000  1801.00000000
 43.00000000  1819.00000000
 44.00000000  1806.00000000
 45.00000000  1795.00000000
 46.00000000  1826.00000000
 47.00000000  1785.00000000
 48.00000000  1780.00000000
 49.00000000  1794.00000000
 50.00000000  1743.00000000
 51.00000000  1788.00000000
 52.00000000  1761.00000000
 53.00000000  1782.00000000
 54.00000000  1789.00000000
 55.00000000  1779.00000000
 56.00000000  1782.00000000
 57.00000000  1782.00000000
 58.00000000  1800.00000000
 59.00000000  1813.00000000
 60.00000000  1811.00000000
 61.00000000  1780.00000000
 62.00000000  1784.00000000
 63.00000000  1799.00000000
 64.00000000  1789.00000000
 65.00000000  1791.00000000
 66.00000000  1784.00000000
 67.00000000  1797.00000000
 68.00000000  1818.00000000
 69.00000000  1775.00000000
 70.00000000  1809.00000000
 71.00000000  1793.00000000
 72.00000000  1791.00000000
 73.00000000  1799.00000000
 74.00000000  1776.00000000
 75.00000000  1797.00000000
 76.00000000  1777.00000000
 77.00000000  1776.00000000
 78.00000000  1786.00000000
 79.00000000  1766.00000000
 80.00000000  1741.00000000
 81.00000000  1776.00000000
 82.00000000  1786.00000000
 83.00000000  1760.00000000
 84.00000000  1786.00000000
 85.00000000  1797.00000000
 86.00000000  1777.00000000
 87.00000000  1772.00000000
 88.00000000  1782.00000000
 89.00000000  1742.00000000
 90.00000000  1786.00000000
 91.00000000  1870.00000000
 92.00000000  1865.00000000
 93.00000000  1805.00000000
 94.00000000  1821.00000000
 95.00000000  1814.00000000
 96.00000000  1826.00000000
 97.00000000  1800.00000000
 98.00000000  1788.00000000
 99.00000000  1767.00000000
 100.00000000  1796.00000000
 101.00000000  1753.00000000
 102.00000000  1759.00000000
 103.00000000  1714.00000000
 104.00000000  1770.00000000
 105.00000000  1850.00000000
 106.00000000  1865.00000000
 107.00000000  1799.00000000
 108.00000000  1802.00000000
 109.00000000  1798.00000000
 110.00000000  1801.00000000
 111.00000000  1849.00000000
 112.00000000  1764.00000000
 113.00000000  1805.00000000
 114.00000000  1793.00000000
 115.00000000  1774.00000000
 116.00000000  1788.00000000
 117.00000000  1805.00000000
 118.00000000  1841.00000000
 119.00000000  1778.00000000
 120.00000000  1756.00000000
 121.00000000  1808.00000000
 122.00000000  1744.00000000
 123.00000000  1771.00000000
 124.00000000  1786.00000000
 125.00000000  1778.00000000
 126.00000000  1776.00000000
 127.00000000  1758.00000000
 128.00000000  1762.00000000
 129.00000000  1797.00000000
 130.00000000  1801.00000000
 131.00000000  1785.00000000
 132.00000000  1779.00000000
 133.00000000  1767.00000000
 134.00000000  1756.00000000
 135.00000000  1753.00000000
 136.00000000  1787.00000000
 137.00000000  1757.00000000
 138.00000000  1774.00000000
 139.00000000  1763.00000000
 140.00000000  1733.00000000
 141.00000000  1766.00000000
 142.00000000  1768.00000000
 143.00000000  1790.00000000
 144.00000000  1768.00000000
 145.00000000  1745.00000000
 146.00000000  1759.00000000
 147.00000000  1730.00000000
 148.00000000  1779.00000000
 149.00000000  1781.00000000
 150.00000000  1753.00000000
 151.00000000  1786.00000000
 152.00000000  1765.00000000
 153.00000000  1739.00000000
 154.00000000  1778.00000000
 155.00000000  1756.00000000
 156.00000000  1782.00000000
 157.00000000  1728.00000000
 158.00000000  1762.00000000
 159.00000000  1740.00000000
 160.00000000  1737.00000000
 161.00000000  1773.00000000
