   0.0000000e+00   1.6530308e-14   0.0000000e+00   3.8518599e-34   7.2445433e-71   1.1933271e-37
   1.4631241e-02  -1.1510446e-02  -2.4383530e-02   6.5407682e-05  -2.6557195e-04   7.8038225e-05
   1.5716626e-02  -9.8916347e-03  -1.0303552e-02  -3.6126393e-04  -1.8490071e-04   2.3591838e-04
   1.8368139e-02  -3.4203276e-03  -7.8496636e-03   3.6537283e-04  -2.6920839e-04   4.0957670e-05
   1.9564033e-02  -9.6602754e-03  -3.3912671e-02  -4.2634157e-04  -1.9017421e-04   1.1044979e-04
   6.6043660e-03  -6.4636330e-03   4.0867929e-03   3.3772885e-04  -1.8840936e-04  -3.2782597e-05
   1.2571557e-02  -3.6074529e-02  -9.1297362e-03  -3.7784589e-04  -3.2035079e-04   5.3973136e-05
  -9.7414633e-04  -3.1408946e-02  -2.6359860e-02  -2.6681331e-06   2.4719444e-04  -8.0662257e-05
   1.2853298e-02  -2.6374613e-02  -2.6682777e-02   9.1063060e-05  -1.1753123e-04  -1.4419403e-04
   1.6428921e-03  -3.6689319e-02  -3.8366963e-02  -1.6393731e-04   3.3145535e-04  -1.2109189e-04
   1.2477094e-02  -3.4178645e-02  -8.9408807e-03   5.7267759e-04  -2.8439135e-05  -2.5343148e-04
  -5.1443324e-03  -4.0865675e-02  -3.2438835e-02   1.4419632e-04   3.6583791e-04  -1.4296625e-04
  -9.5719565e-03  -3.6001158e-02  -1.6600891e-02   4.0411984e-04   4.8241099e-04  -1.6059406e-04
  -9.0965316e-03  -3.7107862e-02  -5.1885336e-02   6.2164086e-04   5.0844856e-04  -2.0402448e-04
   4.3029048e-03  -4.5737718e-02  -3.1265500e-02   9.5856362e-05   3.7923606e-04  -6.7622947e-05
  -3.9876535e-02  -3.8221102e-02  -6.5265744e-02   1.8802466e-03   1.5953761e-03  -2.2166623e-04
  -1.6770077e-01   3.7684274e-03  -7.1747312e-02  -6.6872997e-04   3.9850706e-03   4.2555549e-04
  -8.2752838e-02  -1.7413054e-02  -6.2896537e-02  -1.9131340e-03   2.4557354e-03   3.2512053e-04
  -9.1691996e-02  -1.3905209e-02  -9.0436430e-02  -1.1320726e-03   3.1330027e-03   3.0545669e-04
  -7.4723024e-02  -7.9620399e-03  -7.4198765e-02  -5.8489697e-04   2.6722353e-03   2.1557969e-04
  -7.7088045e-02  -2.6652787e-02  -8.5833194e-02  -7.2198071e-04   2.5212845e-03   1.1265567e-04
  -8.4055552e-02  -1.1319044e-02  -5.1339406e-02  -3.8432156e-04   2.6204848e-03  -2.2074486e-05
  -6.8934959e-02  -2.7420144e-02  -5.1278251e-02  -4.4317803e-04   2.2065600e-03  -1.2915632e-04
  -6.3606341e-02  -2.5897137e-02  -5.5227900e-02  -1.0446958e-03   2.3786033e-03  -3.0941778e-06
  -6.9927433e-02  -2.1528592e-02  -4.3908242e-02  -3.5811119e-04   2.3596852e-03  -8.0219799e-05
  -5.0847048e-02  -3.2808364e-02  -7.5159172e-02  -9.6487053e-04   2.1045267e-03  -3.5760438e-05
  -6.3668276e-02  -1.5514247e-02  -5.2443796e-02  -3.7377430e-04   2.5469686e-03  -3.0640562e-05
  -3.9241833e-02  -2.4567351e-02  -4.6882009e-02  -6.6443982e-04   1.9638274e-03   7.7635535e-05
  -4.1977624e-02  -2.8822986e-02  -6.5928983e-02  -7.2979958e-04   2.3294583e-03   2.4778924e-05
  -4.9661838e-02  -2.0640034e-02  -4.8254482e-02  -2.7538947e-04   2.3787182e-03   1.4007950e-05
  -3.6022042e-02  -3.6040193e-02  -7.1400114e-02  -5.9798868e-04   2.1982594e-03   1.2387488e-04
  -5.6367426e-02  -2.2941524e-02  -5.3953845e-02  -2.4647710e-04   2.6942737e-03   1.1793357e-04
  -6.3401067e-02  -3.2610324e-02  -3.9255303e-02   8.2870611e-05   2.4524253e-03   2.0070724e-05
  -5.8155334e-02  -4.1450139e-02  -8.8857642e-02  -4.6400006e-04   2.6468414e-03  -2.2430735e-05
  -7.4224192e-02  -2.3640663e-02  -6.8042597e-02   1.8930377e-04   2.8500447e-03  -1.9079064e-05
  -4.9652927e-02  -2.5184285e-02  -7.7688113e-02  -1.3199999e-04   2.3345349e-03   1.7722029e-05
  -6.5954513e-02  -2.1252036e-02  -6.0511571e-02   3.7832581e-05   2.7212648e-03   1.8463246e-04
  -5.8740865e-02  -2.1158103e-02  -3.9999757e-02   4.5805595e-04   2.4076501e-03   1.0790184e-04
  -6.4989131e-02  -4.1390529e-02  -4.8257006e-02   2.0972104e-04   2.8691959e-03   6.9231409e-05
  -7.0072989e-02  -3.8025360e-02  -3.0296105e-02   6.5725776e-04   2.7676514e-03   1.1377166e-05
  -4.9459679e-02  -6.0061988e-02  -5.6747400e-02   9.2881118e-05   2.5036365e-03   7.5194535e-05
  -6.3556707e-02  -3.7388868e-02  -4.8763665e-02   7.9861839e-04   2.8365022e-03  -6.4884402e-05
  -6.8855566e-02  -5.9338039e-02  -3.9602347e-02   8.5788616e-04   2.6948783e-03  -2.1219509e-04
  -6.1405466e-02  -6.2347825e-02  -8.0578549e-02   1.6527378e-04   2.8185340e-03  -1.8255900e-04
  -7.9702349e-02  -5.4151133e-02  -6.0110151e-02   8.5207059e-04   3.0518363e-03  -2.5722723e-04
  -4.7684572e-02  -6.7216930e-02  -1.1607108e-01  -1.9876318e-04   2.6979736e-03  -8.0620336e-06
  -7.7699282e-02  -4.4399301e-02  -8.8344465e-02   8.1688370e-04   3.3643108e-03  -2.3970838e-04
  -5.9267531e-02  -5.2304597e-02  -7.7794597e-02   7.3046882e-04   2.6699285e-03  -1.1715791e-04
  -6.7475078e-02  -5.7426595e-02  -9.4679964e-02   2.8040503e-04   3.0662156e-03  -7.9254177e-05
  -6.2638059e-02  -4.9659896e-02  -7.4579761e-02   1.1219297e-03   3.1570539e-03  -2.0033555e-04
  -4.3912940e-02  -6.3538423e-02  -7.7244657e-02   8.8475952e-04   2.7130601e-03  -1.4972823e-04
  -5.3583719e-02  -5.9837505e-02  -1.0580044e-01   5.0912127e-04   2.9492315e-03  -8.6445005e-06
  -6.0428384e-02  -6.2270201e-02  -9.0877134e-02   1.3513335e-03   2.9427041e-03  -1.1509665e-05
  -3.8269224e-02  -8.8990221e-02  -1.1079019e-01   1.1940119e-03   2.6262836e-03  -1.6582651e-04
  -5.8614114e-02  -6.0310991e-02  -1.0266138e-01   1.2466259e-03   3.2492595e-03  -1.4954854e-04
  -3.2368147e-02  -6.4992652e-02  -1.0903969e-01   1.1772436e-03   2.2862552e-03  -1.1763342e-05
  -5.0267396e-02  -8.2933256e-02  -1.0797842e-01   1.2620767e-03   2.8988739e-03  -9.1615854e-05
  -6.3362809e-02  -7.2943586e-02  -8.3761593e-02   1.8034473e-03   2.9960679e-03  -2.2208952e-04
  -4.5230366e-02  -1.0163506e-01  -7.8601557e-02   1.7458283e-03   2.5636281e-03  -1.8717871e-04
  -5.1811991e-02  -9.0956464e-02  -9.0224061e-02   1.7722418e-03   2.7104644e-03  -2.1709927e-04
  -5.5162622e-02  -8.7956412e-02  -8.1483220e-02   2.0136484e-03   2.5588650e-03  -2.6711056e-04
  -4.0690383e-02  -1.0073408e-01  -1.1760785e-01   1.6733445e-03   2.3857984e-03  -1.6695825e-04
  -4.6621793e-02  -9.9884290e-02  -1.1114040e-01   1.8854281e-03   2.6545517e-03  -1.9150739e-04
  -5.7779994e-02  -9.6049488e-02  -8.5502810e-02   2.1538825e-03   2.4889190e-03  -2.7399613e-04
  -4.4542333e-02  -1.1384540e-01  -1.0360339e-01   1.8142419e-03   2.4524346e-03  -2.5662151e-04
  -6.0018209e-02  -8.8155441e-02  -9.6150040e-02   2.2317404e-03   2.7604890e-03  -2.9977960e-04
  -5.6722158e-02  -1.0678356e-01  -8.8428651e-02   2.0915344e-03   2.5207231e-03  -3.3580410e-04
  -5.5364894e-02  -1.0176901e-01  -1.2939401e-01   1.9895498e-03   2.6840326e-03  -3.9546591e-04
  -6.8360580e-02  -1.0855834e-01  -1.0309826e-01   2.4843786e-03   2.8123100e-03  -5.2436232e-04
  -4.8517840e-02  -1.1546242e-01  -1.2336581e-01   1.9968499e-03   2.5029366e-03  -5.1801461e-04
  -7.2204027e-02  -1.0965355e-01  -9.8684652e-02   2.4371216e-03   3.0832109e-03  -6.3032524e-04
  -3.8611365e-02  -1.1603921e-01  -1.2240003e-01   2.2610898e-03   2.3274840e-03  -5.9368936e-04
  -6.4487964e-02  -1.2194807e-01  -1.3925732e-01   2.3037890e-03   2.7819640e-03  -6.0296350e-04
  -5.1031675e-02  -1.0122709e-01  -1.4066426e-01   2.5004453e-03   2.4980634e-03  -5.2780878e-04
  -4.5849616e-02  -1.1925519e-01  -1.1599428e-01   2.6525511e-03   2.2986566e-03  -6.4112875e-04
  -4.0146258e-02  -1.1902914e-01  -1.4510738e-01   2.3270508e-03   2.3780249e-03  -6.1125750e-04
  -6.4656232e-02  -1.1268942e-01  -1.2523829e-01   2.8384203e-03   2.8457895e-03  -7.9707979e-04
  -3.9806164e-02  -1.2090517e-01  -1.4555967e-01   2.4594294e-03   2.1889895e-03  -7.1779696e-04
  -5.0150661e-02  -1.2097040e-01  -1.5278050e-01   2.4624035e-03   2.5937956e-03  -6.3759717e-04
  -5.3197033e-02  -9.4686234e-02  -1.3038156e-01   3.0126276e-03   2.5927055e-03  -7.4570843e-04
  -4.7681231e-02  -1.1608206e-01  -1.1712979e-01   3.1090024e-03   2.2141368e-03  -8.1235343e-04
  -3.5786913e-02  -1.1623080e-01  -1.2383911e-01   2.5069837e-03   2.1144338e-03  -7.0811669e-04
  -5.4219515e-02  -1.0437398e-01  -1.2088735e-01   3.0153505e-03   2.4008612e-03  -9.6390426e-04
  -4.1890017e-02  -1.0310412e-01  -1.1525214e-01   2.8081804e-03   2.0124563e-03  -8.9847019e-04
  -5.6568387e-02  -1.3312083e-01  -1.4278946e-01   2.8962272e-03   2.3164065e-03  -8.8787783e-04
  -5.4155474e-02  -1.1477315e-01  -7.7759983e-02   3.1407292e-03   2.5037790e-03  -9.3972412e-04
  -7.5005059e-02  -1.8583904e-01  -1.5678467e-01   5.2480111e-03   1.6062017e-03  -1.2567905e-03
  -2.1833104e-01  -5.8532651e-02  -2.0658095e-02   8.1288426e-04   4.1831904e-03  -2.1684552e-03
  -2.1530365e-01  -7.8106160e-02   1.9429476e-03  -1.9241008e-04   4.8825550e-03  -1.2954579e-03
  -2.1118265e-01  -4.0237047e-03  -5.2337503e-02   7.5485574e-04   5.5457120e-03  -1.4915039e-03
  -1.2989926e-01  -4.3307048e-02  -3.1386645e-02   2.7746815e-04   4.5330869e-03  -1.0506980e-03
  -1.3169821e-01  -1.5552935e-02  -5.2622750e-02   5.6929238e-04   4.9167032e-03  -1.1366243e-03
  -1.1376932e-01  -6.1561603e-02  -5.3671626e-03   7.1812481e-04   4.5298239e-03  -1.1740031e-03
  -1.1853119e-01  -1.6396677e-02  -8.3047767e-02   6.7088198e-04   4.8348600e-03  -1.1683265e-03
  -1.1002906e-01  -6.6647919e-02  -3.5068245e-02   9.9000075e-04   4.7224229e-03  -1.1210768e-03
  -9.0718162e-02   4.4490563e-03  -1.1142203e-01   2.0000001e-04   4.6978464e-03  -1.1005484e-03
  -9.7286403e-02  -2.4522507e-01   1.3698355e-02   2.4202422e-03   5.6820155e-03  -7.3635577e-04
  -6.6274475e-02  -6.7843615e-01   9.5636965e-01   6.4631429e-02   1.4285707e-02  -2.2678781e-03
  -2.9398736e-02  -6.8061722e-01   2.9712354e+00   1.1084131e-01   1.8714683e-02  -1.2120128e-03
  -1.9751035e-01  -1.4245243e-01   7.7000438e-01   2.4095460e-02   1.3663033e-02  -2.5562792e-03
  -2.4404066e-01   1.8687028e-01   1.6895959e-01   5.3063287e-03   1.6173778e-02  -2.0799491e-04
  -2.3830087e-01   8.0239732e-02   2.6994482e-01   5.2831999e-03   1.7468499e-02   4.1619110e-04
  -2.2333610e-01   1.3918925e-01   3.2030666e-01   5.4277865e-03   1.7172863e-02   8.1176964e-04
  -2.1279986e-01   7.2556858e-02   3.6646961e-01   4.8476880e-03   1.7503171e-02   1.3280108e-03
  -2.0568002e-01   7.6981018e-02   3.4866870e-01   4.6185980e-03   1.7496301e-02   1.5991384e-03
  -1.9012350e-01  -1.9344779e-02   2.6572387e-01   2.9202979e-03   1.6730576e-02   1.6426835e-03
  -2.1219321e-01   3.3785838e-02   2.6371398e-01   4.1876972e-03   1.7360978e-02   1.1090593e-03
  -2.0863012e-01  -7.6682150e-03   2.0120092e-01   3.2377198e-03   1.7654362e-02   1.1840178e-03
  -2.2456984e-01   4.9679235e-02   2.0270753e-01   4.1803483e-03   1.8171147e-02   9.3868814e-04
  -2.1935665e-01   3.0930540e-02   1.9524966e-01   3.7290692e-03   1.8040239e-02   1.1136082e-03
  -2.2535797e-01   4.6088402e-02   1.6538839e-01   4.0235537e-03   1.8341818e-02   1.1027049e-03
  -2.3290438e-01   3.8864395e-02   1.9777506e-01   4.5584697e-03   1.8431180e-02   8.3242245e-04
  -2.2567427e-01   3.5001256e-02   1.8009730e-01   4.3019380e-03   1.8145457e-02   9.6671788e-04
  -2.4385749e-01   2.6291546e-02   1.6718966e-01   3.9406032e-03   1.8808021e-02   8.4180837e-04
  -2.3012662e-01   3.0037723e-02   1.9109906e-01   4.2185786e-03   1.8312726e-02   7.2498292e-04
  -2.2267543e-01  -6.2247932e-03   1.2827784e-01   3.4971606e-03   1.8195789e-02   9.8866553e-04
  -2.3724949e-01   1.7059324e-02   1.5135826e-01   4.3556459e-03   1.8687509e-02   8.7438453e-04
  -2.3331865e-01   1.5028090e-03   1.5193063e-01   4.1449822e-03   1.8313918e-02   7.6929263e-04
  -2.3221536e-01   1.0266076e-02   1.3825842e-01   4.2069951e-03   1.8666309e-02   7.0341120e-04
  -2.4324703e-01   1.3043998e-02   1.5776042e-01   4.8838091e-03   1.8883073e-02   3.9298976e-04
  -2.1815619e-01  -3.4327790e-03   1.6897295e-01   4.5095773e-03   1.8289862e-02   6.9241269e-04
  -2.2676580e-01  -2.9705661e-03   1.4277405e-01   4.4206213e-03   1.8320772e-02   7.9596183e-04
  -2.4423710e-01  -6.0561757e-03   9.2986149e-02   3.9188656e-03   1.7998560e-02   9.8517088e-04
  -2.5303689e-01  -5.3096855e-03   1.3208829e-01   3.3751190e-03   1.8918952e-02   9.8968347e-04
  -2.2446899e-01   3.8666940e-02   1.4752557e-01   4.1719529e-03   1.8460348e-02   9.7270306e-04
  -2.1923012e-01   1.7426829e-03   1.2692139e-01   3.3937041e-03   1.8519468e-02   1.2614630e-03
  -2.4036115e-01   2.3680603e-02   1.6702945e-01   4.1544418e-03   1.8965362e-02   9.9395528e-04
  -2.0572329e-01  -2.2512242e-03   1.3534351e-01   3.2049603e-03   1.8202790e-02   1.4049839e-03
  -2.3420950e-01   2.2698447e-02   1.5461673e-01   4.2754255e-03   1.9044591e-02   1.0025177e-03
  -2.1548238e-01   3.9577831e-03   1.5935054e-01   4.0068498e-03   1.8438815e-02   1.1432891e-03
  -2.1970585e-01   1.5830406e-02   1.2661191e-01   3.8602736e-03   1.8819617e-02   1.1282983e-03
  -2.2828204e-01   1.4985602e-02   1.6432803e-01   4.2961869e-03   1.8885768e-02   9.8147606e-04
  -2.0889614e-01  -1.6793781e-03   1.2899660e-01   4.1073793e-03   1.8469245e-02   9.9795045e-04
  -2.3241656e-01  -2.7424653e-03   1.4790101e-01   4.4895755e-03   1.9132821e-02   8.5068574e-04
  -2.1447751e-01  -7.9928991e-03   1.4060324e-01   4.5415542e-03   1.8389803e-02   9.1674840e-04
  -2.1141339e-01  -1.2948414e-02   9.6249169e-02   4.1219700e-03   1.8702228e-02   1.0010659e-03
  -2.3258029e-01   5.3310120e-03   1.4120875e-01   4.9139376e-03   1.9081526e-02   7.3573290e-04
  -2.0268616e-01  -2.2660448e-02   1.1636579e-01   3.9315270e-03   1.8343176e-02   1.1158265e-03
  -2.3218995e-01   1.4990583e-03   1.2989841e-01   4.4445048e-03   1.9205693e-02   7.8655994e-04
  -1.9884948e-01  -1.2724444e-02   1.1969807e-01   4.2660417e-03   1.8283609e-02   9.7867190e-04
  -2.1841862e-01  -5.6767731e-03   7.1347110e-02   3.7808522e-03   1.8991680e-02   1.2200641e-03
  -2.1835750e-01  -1.0386412e-02   1.0922672e-01   4.5915863e-03   1.8912483e-02   1.0532195e-03
  -2.1148419e-01  -2.3719675e-02   9.3221181e-02   4.3750948e-03   1.8728427e-02   1.2743327e-03
  -2.1317092e-01  -2.7600866e-02   8.7703151e-02   4.2259356e-03   1.9031980e-02   1.1818851e-03
  -2.2524077e-01  -1.9104798e-02   1.0096091e-01   4.6965591e-03   1.9099898e-02   9.9173995e-04
  -2.1044922e-01  -3.4117117e-02   9.2943139e-02   4.2249383e-03   1.8895307e-02   1.2132764e-03
  -2.1901929e-01  -1.8644992e-02   9.9039764e-02   4.7450857e-03   1.9225464e-02   1.1554925e-03
  -2.0176608e-01  -3.7277553e-02   1.3642355e-01   4.8241860e-03   1.8701101e-02   1.0491355e-03
  -2.1598851e-01  -2.9278502e-02   1.0278068e-01   4.2680819e-03   1.9157493e-02   1.1420071e-03
  -2.2311217e-01  -2.9967731e-02   1.3633783e-01   5.0851641e-03   1.9187830e-02   1.0676823e-03
  -2.0768128e-01  -3.8012604e-02   7.3746176e-02   4.3407892e-03   1.8993331e-02   1.3282115e-03
  -2.1320617e-01  -2.7296501e-02   1.1327113e-01   5.1249641e-03   1.9106889e-02   1.0592690e-03
  -1.9482052e-01  -4.2490327e-02   8.8269786e-02   4.7918855e-03   1.8720856e-02   1.1473194e-03
  -2.1819185e-01  -3.4200659e-02   8.8949739e-02   4.8396727e-03   1.9358816e-02   1.0829352e-03
  -1.9862954e-01  -1.8797855e-02   7.8287763e-02   4.9533723e-03   1.8756006e-02   1.1096095e-03
  -2.1107419e-01  -3.1936684e-02   6.9881510e-02   4.3826623e-03   1.9025334e-02   1.3194104e-03
  -2.2230330e-01  -1.8754879e-02   6.7409925e-02   5.1307278e-03   1.9219758e-02   1.0035779e-03
