0  -0.00017029  0  0  0  0  
-9.27614e-05  0.000367596  6.61744e-24  -1.74546e-05  0.013124  0.00342097  
0.000380747  0.000474997  0  0.00887988  0.0295465  0.0194547  
-0.000281608  0.000299387  7.19523e-05  -2.67035e-05  -0.0162444  0.0104118  
0.000247689  0.000596331  -5.79429e-05  -4.65548e-05  0.0383225  -3.96809e-05  
-0.000325879  0.000304125  0  -1.65002e-05  0.00734861  0.0360185  
-0.000331079  0.000622008  0  0.00973273  0.0317003  0.0194505  
0  0.000753638  0  0.0191411  0.031737  0.0488622  
-0.00056967  0.000474997  0  0.0159103  0.000731006  0.015176  
0  0.00090492  0  0.0214026  0.038736  0.0264138  
-0.000702902  0.000474997  0  -3.50671e-05  -0.000585546  0.0525283  
0  0.000948822  0  0.0149503  0.0548351  0.0263963  
0  0.000468981  0  0.0105395  0.0301279  0.026399  
-0.000496737  0.000386738  0  0.0142132  0.0289947  0.0107467  
0  0.000468981  0  0.0163509  0.0579225  0.026399  
-0.00077724  0.000191336  0.000177325  0.00919888  0.0189772  0.0243162  
-0.000329412  0.000468981  -2.64698e-23  0.0137774  0.0544886  0.00821178  
-0.000746203  -0.000123229  2.64698e-23  0.00441665  0.0335924  0.0264814  
-0.000678636  0.000314303  -2.64698e-23  0.0111028  0.0427572  -0.011832  
-0.00055364  -3.09337e-05  0  0.0132866  0.0335972  0.0172187  
-0.00186628  -0.000222144  0  0.0134706  -0.0110072  -0.036679  
0.000302916  -0.00180117  -0.000376095  -0.0265766  0.0388694  0.0387365  
0.000451081  -0.0013347  -0.000248342  0.00614027  0.0628981  0.0186018  
0.000614316  -0.00149234  -0.0002276  0.0193632  0.0599778  0.0106006  
-0.000252775  -0.00142921  -0.000182977  0.00876505  0.0256932  0.00133597  
0.000248385  -0.000960398  0  0.00928873  0.0664753  0.00052077  
3.02206e-05  -0.00133819  0  -0.0095577  0.0337027  0.0225665  
-4.17852e-06  -0.000765823  0  -0.00396834  0.0482239  0.0107349  
0.000451081  -0.000618171  0  0.00466665  0.0731649  0.0302094  
-0.000210648  -0.00107851  0  0.00119675  0.035471  0.0188123  
0.000288092  -0.000995454  0  0.0174878  0.0691892  0.010683  
4.02668e-05  -0.00144922  -6.61744e-24  0.0123888  0.0369  0.0279345  
3.33698e-05  -0.000641729  -3.30872e-24  0.0198767  0.0501734  0.0107401  
0.00029265  -0.000816424  0  0.02757  0.0709305  0.010687  
-0.000267161  -0.00122158  5.29396e-23  0.0173052  0.0289808  0.0107426  
4.7378e-05  -0.000679761  0  0.0299955  0.0601712  0.000162278  
-0.000143634  -0.00138535  0  0.0300363  0.0442323  0.0107172  
-0.000378729  -0.00118766  -7.28732e-05  0.010808  0.0350097  0.00761501  
0  -0.000979804  0  0.0300128  0.0679243  -0.0106749  
-0.000378729  -0.00170141  -1.05879e-22  0.00338423  0.0269683  0.0107492  
-0.000284074  -0.000880139  0  0.0222512  0.0502667  -0.0145616  
-0.000201438  -0.00113068  -0.00017511  0.0172782  0.030465  0.0107625  
-0.000712345  -0.00113068  0  0.0170982  0.0155969  -0.00473471  
-0.000267383  -0.00129277  -5.29396e-23  0.0226303  0.0542455  0.0107559  
-0.000819624  -0.00159003  0  0.0118849  0.0246415  0.0175193  
-0.000378729  -0.00118546  -0.000117034  0.0307981  0.0648051  -0.00546669  
-0.000783493  -0.00146188  0  0.0171708  0.0328804  0.010849  
-0.00106503  -0.00146188  0  0.0128364  0.0384678  -0.0105924  
-0.000100089  -0.00146188  0  0.0217257  0.0731235  -0.0185963  
-0.000956442  -0.00166447  0  0.0033875  0.0333585  -0.0213636  
-0.000316744  -0.00121836  0  0.0342559  0.0803544  -0.044161  
-0.000788713  -0.0017868  -2.11758e-22  0.00968105  0.043092  -0.0251607  
-0.00103538  -0.00152305  0  0.0176058  0.0214188  -0.0251091  
-0.000378729  -0.00124063  5.29396e-23  0.0211895  0.0639337  -0.025198  
-0.00124111  -0.00180224  6.0307e-05  0.0195876  0.0147144  -0.0250932  
-0.00109324  -0.00127963  0  0.0306515  0.0437705  -0.0305601  
-0.000700688  -0.00126439  -8.26576e-05  0.0346142  0.0555809  -0.035926  
-0.00136699  -0.00150186  -0.00010154  0.0249351  0.0313434  -0.0336136  
-0.00125618  -0.00113931  0  0.0370229  0.0555904  -0.0647975  
-0.0010825  -0.00162318  0  0.0310766  0.0332089  -0.0470417  
-0.00143112  -0.00129213  -0.00012159  0.0340527  0.0350471  -0.0551297  
-0.00101579  -0.00114528  0  0.0353944  0.0555892  -0.0645114  
-0.00183619  -0.00160565  0  0.0178165  0.0223241  -0.0468802  
-0.00163915  -0.00115671  0  0.029459  0.0555926  -0.055955  
-0.00145631  -0.00136825  4.23517e-22  0.0178072  0.0555942  -0.0469468  
-0.0018413  -0.00128816  -4.23516e-22  0.0178113  0.0337424  -0.0627286  
-0.00163935  -0.00102895  -2.11758e-22  0.0278435  0.0662917  -0.0804567  
-0.00169702  -0.00114503  0  0.026768  0.0556095  -0.0678183  
-0.00201336  -0.00136825  4.23517e-22  0.0178072  0.0397866  -0.0564684  
-0.00162758  -0.000994803  4.23516e-22  0.0270861  0.077123  -0.0730682  
-0.00197547  -0.00136825  0  0.0148935  0.0429616  -0.0587197  
-0.00188928  -0.00136825  0  0.0178072  0.0640033  -0.069908  
-0.00175073  -0.00136825  0.000189203  0.0178471  0.0640001  -0.0874771  
-0.00214891  -0.00161369  0.000244727  0.00646223  0.0394475  -0.0666132  
-0.00177427  -0.00116697  0.00024555  0.0178764  0.0768873  -0.0884215  
-0.00204893  -0.00170631  0.000302437  0.00710079  0.0491227  -0.0666284  
-0.0020538  -0.00117382  0.000289263  0.0178934  0.0691652  -0.0944194  
-0.00196153  -0.00136825  0.00032534  0.0118266  0.0691631  -0.105855  
-0.0022538  -0.00130228  0.00025315  0.0101351  0.0387967  -0.0966822  
-0.00226302  -0.000895034  0.000329399  0.0179092  0.0525835  -0.0980274  
-0.00191173  -0.000895034  0.000197441  0.0178819  0.0691551  -0.110977  
-0.0024251  -0.00149151  0.000339383  0.00955661  0.0432953  -0.0967038  
-0.00222409  -0.00114416  0.000407137  0.0110229  0.06481  -0.113624  
-0.0020519  -0.00079173  0.000287593  0.017906  0.0647921  -0.12004  
-0.00243799  -0.00145401  0.000405189  0.00504813  0.0332399  -0.0958487  
-0.00260938  -0.00112076  0.000433467  0.0100951  0.039272  -0.103636  
-0.00207639  -0.000844132  0.000255176  0.0178841  0.0782648  -0.103833  
-0.00257192  -0.00135035  0.000552086  0.00289546  0.03711  -0.0980863  
-0.00248826  -0.00114633  0.000526462  0.00423477  0.0412081  -0.100754  
-0.00205026  -0.000866436  0.000473525  0.00618555  0.067427  -0.112202  
-0.00285577  -0.00144504  0.000504799  -0.00326024  0.0508534  -0.0839639  
-0.00423401  -0.000201535  0.000641442  -0.0336083  0.0483488  -0.204946  
-0.000774881  -0.00267819  0.00140958  -0.105196  0.0468453  0.0747324  
-0.00032063  -0.00270873  0.000830687  -0.0783803  0.076663  0.0321269  
-0.000860944  -0.00365511  0.00104707  -0.0604049  0.00875074  0.0293619  
-0.000600681  -0.00262604  0.000642341  -0.014384  0.0406189  0.000312891  
-0.00047833  -0.00313234  0.000639434  -0.00253064  0.034101  0.0269453  
-0.000916169  -0.00249378  0.000736638  -0.00254391  0.0363989  0.00317789  
-0.000663407  -0.00249378  0.000447839  -0.00261685  0.0484109  -0.0132548  
-0.00120999  -0.00288144  0.000638531  -0.00253444  0.014965  -0.0131561  
-0.000335719  -0.0025762  0.0006323  0.0195974  0.0510151  -0.0143097  
-0.00120769  -0.00305157  0.000451214  0.0447808  0.108737  -0.04338  
-0.0626206  -0.0128831  0.00129295  0.293921  -1.15913  -0.735387  
-0.113239  -0.0186756  -0.000575201  0.523825  -2.53457  0.343331  
-0.0267502  -0.0109637  0.00165526  0.140014  -0.55063  0.179242  
-0.00401886  -0.0105906  -0.000365305  0.190484  -0.213608  0.135807  
-0.00427444  -0.0117252  -0.000963494  0.220415  -0.196085  0.211375  
-0.00435472  -0.011668  -0.0015628  0.231545  -0.202528  0.26398  
-0.00416322  -0.0117838  -0.00196885  0.25935  -0.185662  0.287323  
-0.00369746  -0.0116507  -0.00216796  0.271505  -0.15042  0.272244  
-0.00245576  -0.010686  -0.00210046  0.271136  -0.0510592  0.231661  
-0.00355154  -0.0117962  -0.00163041  0.253846  -0.111443  0.20068  
-0.00252581  -0.0115088  -0.00163041  0.271658  -0.0461793  0.162021  
-0.00358683  -0.0128008  -0.00163041  0.267705  -0.120043  0.195259  
-0.00290663  -0.0123115  -0.00163041  0.271865  -0.101193  0.154775  
-0.00301705  -0.0124777  -0.00181666  0.271921  -0.101147  0.147888  
-0.00357339  -0.0127046  -0.00163041  0.261451  -0.131523  0.165387  
-0.00357339  -0.0121316  -0.00163041  0.26402  -0.101377  0.137028  
-0.00314326  -0.0128182  -0.00163041  0.272024  -0.101277  0.152427  
-0.00357339  -0.0128182  -0.00135423  0.259221  -0.105998  0.164136  
-0.0028236  -0.0120798  -0.00163041  0.271914  -0.0487663  0.10502  
-0.00357339  -0.0128346  -0.00163041  0.272057  -0.0889836  0.146439  
-0.00346807  -0.0125334  -0.00163041  0.261569  -0.0889583  0.122209  
-0.00305297  -0.0128396  -0.00163041  0.272058  -0.0689396  0.113222  
-0.00400454  -0.0134446  -0.000992231  0.261846  -0.114707  0.144349  
-0.00362339  -0.0120865  -0.00120886  0.271813  -0.081481  0.10821  
-0.00357339  -0.0125565  -0.00129618  0.268392  -0.0647971  0.125352  
-0.00326709  -0.011902  -0.00131194  0.246943  -0.0648264  0.0847451  
-0.00249775  -0.0127996  -0.00170401  0.266495  -0.0522181  0.118811  
-0.00338961  -0.0131587  -0.00151898  0.283946  -0.111245  0.136913  
-0.00254464  -0.0122737  -0.00191551  0.291409  -0.0535654  0.103327  
-0.00343076  -0.0138381  -0.00147582  0.286106  -0.100705  0.164073  
-0.00228171  -0.0122568  -0.00180158  0.289999  -0.0488665  0.107814  
-0.00337816  -0.013472  -0.00171327  0.286083  -0.105077  0.162432  
-0.00326663  -0.0125803  -0.0018282  0.285868  -0.0846418  0.111876  
-0.00295976  -0.0125699  -0.00151318  0.294948  -0.0748015  0.105377  
-0.00388494  -0.013655  -0.00148353  0.286105  -0.121311  0.160931  
-0.00295976  -0.0123736  -0.00153129  0.285907  -0.0629202  0.0931101  
-0.0036477  -0.0132261  -0.00147542  0.283128  -0.086954  0.12809  
-0.00374888  -0.0129579  -0.0016312  0.286016  -0.0836113  0.10975  
-0.00295975  -0.0123303  -0.0014616  0.305466  -0.0629376  0.0806031  
-0.00432106  -0.0135953  -0.00147746  0.279831  -0.116566  0.139276  
-0.00310423  -0.0122329  -0.00162171  0.289793  -0.0439267  0.085477  
-0.00359332  -0.0135311  -0.0013924  0.287861  -0.0830712  0.128937  
-0.00342404  -0.012587  -0.00145246  0.305456  -0.0764814  0.084696  
-0.00279407  -0.0126809  -0.00165804  0.305483  -0.0438748  0.0820012  
-0.00353047  -0.013228  -0.00159176  0.291474  -0.0871531  0.0933086  
-0.00353047  -0.0126519  -0.0018256  0.305471  -0.058622  0.0625683  
-0.00330478  -0.012967  -0.00168306  0.305576  -0.0485341  0.0779313  
-0.0042026  -0.013212  -0.00151425  0.290997  -0.0940823  0.0845241  
-0.00311987  -0.0127458  -0.00190196  0.298661  -0.0484088  0.0541368  
-0.00372888  -0.0135347  -0.00168717  0.305666  -0.0730357  0.102703  
-0.00396309  -0.0128279  -0.00161501  0.299995  -0.0666215  0.0897367  
-0.00311286  -0.0132258  -0.00165767  0.305552  -0.0485038  0.0931836  
-0.00448035  -0.0136491  -0.00158562  0.297025  -0.0911322  0.0992593  
-0.00317087  -0.0125927  -0.0018823  0.313127  -0.0305242  0.0453064  
-0.00404337  -0.0133945  -0.00162689  0.307516  -0.083716  0.102459  
-0.00353047  -0.0127191  -0.00190734  0.313318  -0.0387179  0.0454762  
-0.00389384  -0.0137987  -0.00162816  0.309155  -0.0673279  0.0838409  
-0.00402034  -0.0131749  -0.00179859  0.313118  -0.0851911  0.0440993  
-0.00317336  -0.0131544  -0.00176218  0.310921  -0.055435  0.0526347  
-0.00405299  -0.0132302  -0.00155609  0.29803  -0.0881717  0.0523365  
