0  -0  0  0  0  0  
-0.00120022  -0.00032134  0  -0.016232  0.0230974  0.0447042  
-0.00146748  -0.000268949  0.000195809  -0.01494  0.0759394  0.0555235  
-0.00155257  -0.000486911  0.000193862  -0.0127637  0.028035  0.0361762  
-0.00104445  -0.000533714  0.000456571  -0.0205632  -0.00625723  0.0252008  
-0.00109306  -0.000284808  0.000466337  -0.0149958  0.0331892  0.0538166  
-0.000685406  -0.000336183  0.000150008  -0.0154343  0.0415052  0.0959329  
-0.000670844  -0.000448695  0.000150008  -0.0230033  0.0726927  0.0967601  
-0.000105214  -0.00030855  0.000691372  -0.0168784  0.0148427  0.0729711  
0.00147841  -0.000286397  0.000805057  -0.000263873  -0.0156417  0.0392961  
0.000338386  -0.000264495  0.000948931  -0.0019679  0.0189563  0.0793003  
-0.000142406  -0.000513857  0.000364706  -0.0150131  0.0699896  0.0917725  
-4.56522e-05  -0.000676025  0.000647825  -0.024122  0.0279105  0.0686796  
0.00172087  -0.000591597  0.000647825  -0.00262284  -0.0183535  0.0312042  
0.00116439  -0.000707026  0.000647825  -0.00713096  0.00981951  0.0333346  
-0.000401749  -0.000451688  0.000431042  -0.00718028  0.0806706  0.093882  
-0.000260366  -0.000649642  0.000647825  -0.0203607  0.0645001  0.0600217  
0.00180709  -0.000682938  0.000897824  -0.00954812  0.00447555  0.00942998  
0.00205937  -0.000616103  0.000647824  -0.00713647  0.00515407  0.0220071  
0.000314852  -0.000528011  0.000800053  -0.00991877  0.0549741  0.0757714  
-0.000538152  -0.000557394  0.000647825  -0.0239574  0.0668639  0.0726911  
0.00148624  -0.000884722  0.000647825  -0.025195  -0.0114024  0.0044971  
0.00170481  -0.000841729  0.000647825  -0.0243917  -0.011408  0.00190299  
0.000291141  -0.000280765  0.000902642  -0.017775  0.0157033  0.0339327  
-0.000299329  -0.000394314  0.000400262  -0.0353914  0.064599  0.0504496  
-0.000531138  -0.00042242  0.000504252  -0.0377363  0.061628  0.0255228  
0.00152082  -0.000678686  0.000411588  -0.0370545  -0.00230761  -0.0271957  
0.0015547  -0.000722673  0.000304304  -0.0298555  -0.0130007  -0.0192062  
0.00104527  -0.000644584  0.000577333  -0.0214891  0.0316072  -0.00391644  
0.000821705  -0.000727907  0.000132101  -0.0352814  0.0786502  0.00411285  
0.00114357  -0.000723547  0.000364802  -0.0400811  0.00605313  -0.00819006  
0.00129938  -0.000530765  0.000358684  -0.0299645  0.0219155  -0.0168814  
0.000722239  -0.000668738  0.00018321  -0.0299663  0.0642722  0.00409523  
-0.000260167  -0.000440296  0.00018321  -0.0199859  0.0606884  0.056798  
-0.000352346  -0.000567476  0.00018321  -0.0321105  0.0763248  0.0858736  
-0.000332656  -0.000626328  3.50717e-05  -0.0327524  0.0493017  0.0443797  
-0.00110999  -0.000711174  -1.55328e-05  -0.0369534  0.0215136  0.0294431  
0.000157644  -0.00110766  -5.73953e-05  -0.0378979  0.0455996  0.0245285  
-0.000447029  -0.000678006  9.98114e-05  -0.0366788  0.0853141  0.0644189  
-0.000181572  -0.000500226  0.00018321  -0.0364473  0.0714818  0.0298577  
0.00129383  -0.000776383  0.000288572  -0.0339629  0.0321792  -0.00511323  
-0.000119888  -0.000663048  -6.67896e-05  -0.0340024  0.0398175  0.0319297  
-0.00123152  -0.00043998  0.00018321  -0.0220887  0.0838667  0.044481  
-0.000119888  -0.000575052  0.00018321  -0.0314731  0.11164  0.0137945  
0.00158963  -0.000715534  0.00018321  -0.0357634  0.037493  -0.0249162  
0.00118192  -0.00078133  0.00018321  -0.03725  0.00769337  0.00689119  
-0.000677227  -0.00098636  0.000183211  -0.0298222  0.0595696  0.0235739  
-0.000162098  -0.000787329  0.000310768  -0.0255607  0.0955721  0.0261076  
-0.001376  -0.000565045  0.000362964  -0.0305653  0.115221  0.0289219  
-0.001376  -0.00103858  0.00034423  -0.0514224  0.0262948  0.00194327  
-0.00154195  -0.00102628  0.000183211  -0.0445612  0.0195841  -0.00648311  
-0.001376  -0.000756879  0.000183211  -0.0382826  0.0434614  -0.00296422  
-0.00144377  -0.000923782  0.00018321  -0.0424042  0.0635374  0.00798  
-0.001256  -0.00090898  0.000460914  -0.0481175  0.0816786  0.0018099  
-0.00103361  -0.00102837  0.000279291  -0.0568828  0.0388271  -0.0103185  
-0.001376  -0.00107046  0.000326735  -0.0473508  0.0144307  -0.00585298  
-0.000173839  -0.00112234  0.000370012  -0.0501576  0.0455497  -0.0296153  
-0.00131413  -0.000845984  0.000318305  -0.050343  0.0932029  0.00354704  
-0.000213353  -0.00118148  0.000326041  -0.0594908  0.0839762  -0.0327992  
-0.000254293  -0.0010882  0.000362587  -0.0542417  0.0242259  -0.0612633  
-0.00016571  -0.000982122  0.000341357  -0.0480757  0.0484832  -0.0476336  
-0.000840994  -0.00101999  0.000102834  -0.0513192  0.0408087  -0.0032261  
-0.00154122  -0.000707438  2.99619e-05  -0.0438872  0.08003  0.0257054  
-0.000896691  -0.00106721  0.000261633  -0.0514214  0.0660982  -0.0199525  
-0.000203443  -0.000955502  0.000302607  -0.0537786  0.0377818  -0.0289459  
-0.00093525  -0.00107774  0.000202106  -0.0547639  0.0477548  -0.00539628  
-0.00115829  -0.00104357  0.000202106  -0.0599237  0.0785243  0.0175094  
-0.000969518  -0.00112226  0.000202106  -0.0647648  0.0554293  -0.0163646  
-5.53045e-05  -0.000874418  0.000110593  -0.0608458  0.0386843  -0.0403552  
-0.000906653  -0.000844739  7.09464e-05  -0.0573349  0.0386655  -0.0125256  
-0.00160832  -0.000854993  -0.000138977  -0.0548025  0.0486594  0.00604378  
-0.00118166  -0.000702629  0.000258328  -0.0547594  0.0938207  0.0060408  
-0.00161697  -0.000172432  0.000202106  -0.0576796  0.122171  -0.0117899  
-0.00165094  -0.000280766  0.000202106  -0.073229  0.000792855  -0.0154391  
-0.000581734  -0.000616651  0.000202106  -0.0735351  0.0284473  -0.0223097  
-0.000991413  -0.000598196  0.000202106  -0.0644263  0.0562999  -0.00412169  
-0.000773856  -0.000530767  0.000202106  -0.0571527  0.0575863  0.00421147  
-0.00100193  -0.000530767  0.000202106  -0.059935  0.106531  0.0153252  
-0.00128197  -0.000530767  0.000202106  -0.0637339  0.0695247  -0.00408231  
-0.00128674  -0.000635767  0.000202106  -0.0671629  0.021681  -0.0104743  
-0.000887587  -0.000682874  0.000202106  -0.0599464  0.0495022  -0.0041193  
-0.0011493  -0.000569334  5.07846e-05  -0.0624859  0.0560406  0.0247641  
-0.000278203  -0.000832316  0.000202106  -0.063433  0.0869601  0.031412  
-0.00133525  -0.000741938  0.000202106  -0.0630373  0.068079  0.0188169  
-0.000799008  -0.000782576  0.000202106  -0.0571487  0.0393137  -0.00400885  
-0.000565503  -0.000936142  0.000202106  -0.0669684  0.0338765  -0.010274  
0.00107126  -0.000913897  0.000202106  -0.0645312  0.0433838  0.0027227  
-0.00142098  -0.000646939  0.000150778  -0.0622237  0.0972799  0.0359613  
-0.00111758  -0.000280767  0.000202106  -0.0730877  0.0858024  -0.000204917  
-0.00127546  -0.00071382  6.90145e-05  -0.078122  0.0319627  -0.0168546  
-0.00106834  -0.000884636  0.000202106  -0.0734797  0.0399156  -0.0126479  
-0.00127546  -0.00057698  0.000134257  -0.0671668  0.0700226  0.00200595  
-0.000979412  -0.000530767  0.000202106  -0.0685309  0.0667412  -0.000123584  
-0.00146511  -0.000616385  9.65295e-05  -0.0713253  0.0803754  0.006706  
-0.00104072  -0.000854813  4.8859e-05  -0.0742594  0.0379089  -0.0276594  
-0.00093843  -0.000654733  0.000112747  -0.0671768  0.0484893  -0.00844058  
-0.000709703  -0.000644425  0.000128441  -0.0571747  0.0532974  -0.00325145  
-0.00103214  -0.000695842  0.000128764  -0.0571842  0.0890151  0.00826154  
-0.00127546  -0.000720724  0.000115612  -0.0610073  0.0931193  0.0043258  
-0.000910053  -0.000728482  9.42664e-05  -0.0671858  0.0531979  -0.0222135  
0.000117264  -0.000862512  0.000202106  -0.0571687  0.0432017  -0.0350664  
-0.000139128  -0.00100576  0.000202106  -0.0671791  0.0584708  -0.0229379  
-0.00127546  -0.000630995  0.000116118  -0.0694661  0.0943076  0.0123081  
-0.000916862  -0.000723419  0.000202106  -0.0621554  0.0809576  -0.0142232  
-0.00141755  -0.000584595  -0.000100453  -0.0714597  0.0481428  -0.00633815  
2.44493e-06  -0.000933464  9.3007e-05  -0.0637694  0.0644025  -0.0207335  
-0.00097439  -0.00061209  1.96286e-05  -0.0671848  0.0649392  -0.0032299  
-0.000867145  -0.000530768  0.000202106  -0.0662583  0.095214  0.0111953  
-0.0013133  -0.000530768  -9.98971e-05  -0.0706916  0.0763199  -0.00134604  
-0.00111476  -0.000655438  -0.000232989  -0.0734935  0.0389442  -0.0144948  
-0.00097439  -0.000530768  -0.000193216  -0.0672018  0.0449953  -9.63785e-05  
-0.000882923  -0.000591461  4.78091e-05  -0.0571681  0.0613658  -0.00422334  
-0.00105161  -0.000671495  0.000124164  -0.0597606  0.0878833  -0.00162124  
-0.000691916  -0.000903981  1.28687e-05  -0.0703961  0.0408464  -0.0290655  
-0.000572706  -0.000881108  -1.27533e-05  -0.0578594  0.0454093  -0.0272229  
-0.000570395  -0.000429763  3.98078e-05  -0.0534872  0.0521748  -0.013605  
-0.00097439  -0.000751817  -2.6059e-06  -0.0578578  0.0673503  0.000817911  
-0.00104592  -0.000856535  6.88849e-05  -0.0628155  0.0731734  -0.000188679  
-0.00097439  -0.000881757  -0.000139896  -0.0578909  0.0495198  -0.0264585  
-0.000647066  -0.000649789  -0.00019301  -0.0578796  0.041914  -0.0203416  
-0.00110315  -0.000433741  -0.000309507  -0.0578667  0.0611627  -0.00229152  
-0.000858563  -0.000741854  3.16074e-05  -0.0556063  0.0790073  -0.00547064  
-0.00140505  -0.000700617  -0.000154555  -0.0578698  0.0595709  -0.0134767  
0.000179967  -0.000611914  7.00152e-06  -0.0578306  0.0464223  -0.0493062  
-0.000667195  -0.000646765  -2.52639e-05  -0.0578581  0.0762325  -0.0177302  
0.000687997  -0.000663267  2.87749e-05  -0.0599738  0.0865848  -0.0179467  
-0.000813649  -0.000530769  2.50245e-05  -0.0578383  0.09297  -0.00985487  
-7.86818e-07  -0.000530769  0.000202106  -0.0578003  0.059437  -0.00921331  
0.000623763  -0.000708981  2.01283e-05  -0.0678328  0.0594143  -0.00634761  
-0.00117904  -0.000669615  1.64388e-05  -0.0600787  0.0811874  0.0327394  
-0.00153588  -0.000652443  -1.8193e-05  -0.0624513  0.0936241  0.0184271  
-0.00088976  -0.000628549  -5.25887e-05  -0.0675752  0.0468104  -0.00536808  
-0.00108467  -0.000712723  -9.28263e-05  -0.0678511  0.0468036  0.000719413  
-0.00105887  -0.000649108  -7.72821e-05  -0.0611103  0.054735  0.00682884  
-0.00128573  -0.000593476  -0.000107304  -0.057876  0.0956177  0.0111103  
-0.00128573  -0.000280769  -0.000127426  -0.0578703  0.10547  0.000706758  
-0.00128573  -0.000639716  -0.000295313  -0.0683084  0.0310812  -0.00783196  
-0.000148101  -0.000901237  -3.71765e-05  -0.0641504  0.043126  -0.0203141  
-0.000772218  -0.000754091  -0.000135715  -0.0578673  0.0558458  0.00613701  
-0.000849  -0.000596765  8.90048e-05  -0.0578296  0.0778254  0.00955196  
-0.00098998  -0.000661788  2.23323e-05  -0.0634776  0.0639549  0.00338067  
-0.000842467  -0.000912862  -0.000114137  -0.0650519  0.0317712  -0.00370958  
-0.000638781  -0.000824051  -0.000239504  -0.0578588  0.050677  0.0067009  
-0.000724395  -0.000606358  -0.000161048  -0.0578506  0.0660335  0.0138925  
-0.00104821  -0.000742655  -0.000171448  -0.0578525  0.0910637  0.0240102  
-0.000436335  -0.00108722  -0.000141844  -0.0678513  0.0371789  -0.0181666  
0.00079388  -0.000814701  -0.000118925  -0.0578345  0.0272257  -0.0156849  
0.00126419  -0.000873505  -0.000196059  -0.0578299  0.0457536  -0.0121101  
-0.00118995  -0.000709781  -0.000187262  -0.0578601  0.0848828  0.00759723  
-0.00129115  -0.00071994  -0.000283339  -0.0578727  0.0748171  0.00427048  
-0.000778958  -0.000677465  -0.000259833  -0.0644597  0.039889  -0.0237169  
-0.000812329  -0.000690755  -0.000196143  -0.0678572  0.0398882  -0.00303909  
-0.000821226  -0.000733061  -0.000203876  -0.0651349  0.0520502  -0.00162869  
-0.00098998  -0.000697646  -9.72336e-05  -0.0600933  0.0910393  0.00549335  
-0.00086164  -0.000721976  -0.000164963  -0.0600082  0.066166  -0.0200414  
-0.000595194  -0.000896467  -0.000211632  -0.0718565  0.0384418  -0.025955  
-0.000691252  -0.000880198  -0.00014934  -0.0720204  0.0510619  -0.00585619  
-0.00098998  -0.000842568  -0.000290093  -0.0613442  0.0749951  0.0131156  
-0.000530617  -0.000728865  -9.17811e-06  -0.0555648  0.0886696  -0.0120422  
0.00120708  -0.000811631  -8.61956e-05  -0.0578634  0.0265812  -0.0207036  
-0.0011619  -0.00071641  -0.000246816  -0.0578837  0.0769157  0.0193841  
-0.000657417  -0.000785733  -1.14031e-05  -0.0578512  0.0967126  0.0011474  
0.00109298  -0.000798677  -1.06803e-05  -0.0578297  0.0146125  -0.0340075  
0.000452527  -0.000747821  -1.54677e-05  -0.0578429  0.0518715  -0.0088189  
0.00135525  -0.0008949  -0.000122447  -0.0578432  0.0499006  -0.0125088  
-0.000486109  -0.000918585  3.80269e-06  -0.0578356  0.0904729  0.0069627  
-0.0013602  -0.000821403  -0.000183004  -0.0639924  0.0721806  0.00381442  
-0.000367252  -0.00082439  4.91303e-05  -0.0578213  0.056138  -0.0167227  
-0.000994452  -0.000757033  -9.03702e-05  -0.0578595  0.0570262  0.00111545  
-0.00093487  -0.000778522  -1.82039e-05  -0.0578604  0.0704221  -0.00241842  
-0.00113714  -0.000809656  7.41841e-05  -0.060188  0.108059  0.0134802  
-0.00114738  -0.000703205  -5.94401e-05  -0.0700733  0.0747548  -0.00339371  
-0.000309843  -0.000883798  0.000202107  -0.0678216  0.0424426  -0.0387206  
-0.000724151  -0.000859027  0.000202107  -0.0638112  0.0527827  -0.0123587  
0.0018644  -0.000761156  0.000202107  -0.0578254  0.04636  -0.0354983  
-0.000147538  -0.000791618  0.000202107  -0.0578173  0.0655632  -0.0194899  
-0.00117621  -0.000638657  0.000202107  -0.0578209  0.0705431  0.0191726  
-0.000729655  -0.000744724  0.000202107  -0.067152  0.0911462  -0.00147548  
-0.000814543  -0.000691708  0.000135644  -0.0710835  0.0480186  -0.0304041  
-0.000548325  -0.000681867  0.000202107  -0.0614133  0.0534173  -0.0350928  
-0.00101459  -0.000813  -8.28844e-05  -0.0669916  0.0568199  -0.0106926  
-0.000419349  -0.000791232  0.000202107  -0.0614298  0.0479306  -0.0180571  
-0.00122512  -0.000639271  1.34571e-05  -0.0614347  0.0916186  0.0131556  
-0.00171447  -0.000645966  2.33531e-05  -0.0614205  0.0935527  0.00432532  
-0.000518079  -0.000908266  -1.33722e-05  -0.0773448  0.0276021  -0.0301753  
-0.000986781  -0.000947295  -0.000243745  -0.065012  0.0457835  -0.00933207  
-0.000896213  -0.000659802  -0.000210478  -0.0687229  0.0502014  0.00675981  
-0.000932399  -0.000689431  -3.74618e-05  -0.0614181  0.0693939  0.0067663  
-0.00108505  -0.000851645  -0.000154558  -0.0663148  0.0821749  -0.00980489  
-0.000708542  -0.00102502  -4.08517e-05  -0.0669998  0.0400037  -0.0183025  
-0.000904562  -0.00101348  -0.000248086  -0.0625399  0.057203  -0.0182871  
-0.000755692  -0.000796336  -8.92857e-05  -0.0549189  0.0666136  -0.00468809  
-0.00151362  -0.000845288  0.000202107  -0.0501821  0.0951517  0.0308914  
-0.00108505  -0.000885144  0.000133503  -0.0608499  0.0514332  0.0138231  
-0.00108505  -0.000767519  0.00011886  -0.0682704  0.0509091  0.0185387  
-0.000681001  -0.000804972  7.92634e-05  -0.0626887  0.0558859  0.00701722  
-0.000654926  -0.00095306  -3.61422e-05  -0.0569606  0.0560268  -0.0065339  
-0.000802082  -0.000907188  2.9074e-05  -0.0668656  0.0847558  0.00252097  
-0.00108505  -0.00077017  3.20116e-05  -0.0644556  0.0730534  -0.00820038  
-0.000953626  -0.000660124  -0.000141391  -0.0587747  0.0257006  -0.00643358  
-0.00115849  -0.000825099  -9.63175e-05  -0.0554438  0.0560015  -0.00173849  
-0.000914848  -0.000861915  -3.7884e-05  -0.0607736  0.0686539  0.00642774  
-0.00108505  -0.00077724  -8.98529e-05  -0.0531231  0.0822154  -0.00423513  
-0.00144226  -0.000936826  -0.000289916  -0.0607676  0.0371528  -0.004203  
9.33375e-05  -0.000975091  7.60681e-06  -0.0607581  0.0377099  -0.0364119  
-0.000767318  -0.00102003  -0.000182506  -0.0608081  0.0392885  -0.00421024  
-0.00126926  -0.000886304  -0.000338144  -0.0608214  0.0892309  0.00947873  
0.00105909  -0.000896314  -0.000127981  -0.0607217  0.00586118  -0.0396571  
0.000808989  -0.000941213  -0.000162867  -0.0607619  0.0319901  -0.0105521  
-0.000896837  -0.000980993  -0.000239324  -0.060763  0.0596666  0.0197632  
-0.000708728  -0.00102733  -0.000223658  -0.0607664  0.0981385  0.0192757  
0.0011538  -0.00103813  -0.000244951  -0.0632103  -0.0174113  -0.00484408  
0.000706295  -0.00095916  -0.000151801  -0.0607427  0.0316927  0.00523884  
-0.000242497  -0.00090103  -0.000326825  -0.0598234  0.0503803  0.0364228  
-0.000471266  -0.000785802  -0.000178873  -0.0605678  0.083154  0.0557606  
-0.000832536  -0.000762123  -0.000173247  -0.072807  0.0454375  0.0237242  
0.000922073  -0.000831417  -0.000161445  -0.0655637  0.0163843  0.00414724  
-9.88118e-05  -0.00102059  -0.000258611  -0.0693775  0.0407824  0.0207038  
-0.000970464  -0.000714368  -0.000207132  -0.0730074  0.0898545  0.04892  
-0.0003988  -0.000875701  -7.21732e-05  -0.0792962  0.0355059  0.00870399  
-0.000516622  -0.000709933  -0.000146078  -0.0747683  0.0281059  0.00186357  
-0.000715371  -0.00105482  -0.000311853  -0.0654148  0.0360813  0.0201956  
-0.000483721  -0.000899759  -0.000311853  -0.0682044  0.073511  0.0413583  
-0.000799889  -0.000638376  -0.000311853  -0.0768089  0.0680649  0.0181217  
0.000686092  -0.000762341  -0.000126262  -0.0689081  0.0171233  -0.0196207  
0.000990051  -0.00100852  -0.000311853  -0.0686758  0.000784579  -0.0124581  
0.000516864  -0.00104642  -0.000311853  -0.0739334  0.0485975  -0.00027405  
-0.000893371  -0.000786025  -0.000311853  -0.066235  0.0970537  0.0225015  
-0.000642089  -0.000786615  -0.000311853  -0.0662395  0.064973  -0.00125658  
0.000951763  -0.000960307  -0.000422393  -0.0662455  0.0160967  -0.00383587  
-0.000113804  -0.00116528  -0.000533418  -0.0662374  0.0401271  0.0547241  
-0.000613507  -0.00108215  -0.000407043  -0.0661885  0.076237  0.0712288  
-0.000613507  -0.000945369  -0.000415703  -0.0662135  0.053615  0.0282656  
0.000203499  -0.000866097  -0.000694055  -0.0662495  0.00297976  0.0404843  
-0.000115321  -0.00094165  -0.000700211  -0.070033  0.0382382  0.0572352  
-0.000613507  -0.000784571  -0.000580986  -0.0662502  0.0709564  0.0761347  
-0.000530942  -0.000935772  -0.000453151  -0.0662313  0.0419971  0.0374  
0.00098069  -0.000868289  -0.000677829  -0.0662551  0.00981315  0.0332156  
-0.000479091  -0.000714258  -0.000432246  -0.0662396  0.0292705  0.0739942  
0.000101493  -0.00078822  -0.000311853  -0.0662123  0.0622194  0.071708  
0.000808945  -0.000980499  -0.000311853  -0.0662019  0.00420252  0.0189324  
0.00108368  -0.000738837  -0.000311853  -0.0662193  0.0165986  0.0221141  
0.000137513  -0.000980897  -0.000377032  -0.0789211  0.0408721  0.0566046  
-0.000119566  -0.000679901  -0.000433798  -0.0741181  0.0751415  0.0639986  
-5.80872e-05  -0.000722199  -0.000442858  -0.0724332  0.0257937  0.0495541  
7.08487e-05  -0.000685858  -0.000657559  -0.0724625  0.0329894  0.0573012  
-0.000359204  -0.000637241  -0.000381216  -0.069629  0.0436296  0.086455  
-0.000513367  -0.000665402  -0.000367356  -0.068402  0.0733245  0.0864766  
3.45055e-05  -0.000565585  -0.000582632  -0.0724456  0.0100635  0.0621802  
0.00148767  -0.000584382  -0.000745095  -0.0670886  -0.00390139  0.023591  
-4.46177e-05  -0.000530772  -0.000654025  -0.073294  0.0458676  0.0770028  
-0.000373111  -0.000687777  -0.000419511  -0.0666626  0.0720528  0.0746494  
0.000882675  -0.000629164  -0.00043757  -0.0700228  -0.010529  0.0126843  
0.00103069  -0.000634514  -0.000847147  -0.0667009  0.00817997  0.0196991  
0.0012624  -0.000719072  -0.000772  -0.069567  0.0249566  0.0326141  
-0.000403761  -0.000690059  -0.000630949  -0.0725638  0.0717542  0.0741695  
-0.000424486  -0.000669752  -0.000369711  -0.0766486  0.0310121  0.0262653  
-0.000108197  -0.000575193  -0.000453005  -0.0666611  0.0180011  0.0324338  
-0.000325469  -0.000608227  -0.000687111  -0.066673  0.0345991  0.0540151  
0.000113056  -0.000584072  -0.000679749  -0.0705585  0.0502927  0.0583549  
-0.000600482  -0.000467033  -0.000477305  -0.0771824  0.0582299  0.058407  
0.000826192  -0.000799431  -0.000691678  -0.0825338  0.00212733  0.0296815  
-3.62979e-05  -0.000614804  -0.00108107  -0.0788884  0.00300365  0.0474248  
0.00109215  -0.000751116  -0.000712975  -0.0723546  0.0130728  0.0051539  
-0.0011309  -0.00063923  -0.000647975  -0.0715044  0.0831507  0.0332771  
1.89363e-05  -0.00068942  -0.00044268  -0.0889552  0.0209257  0.0112289  
0.000890017  -0.000679787  -0.000695491  -0.0828079  -0.0210143  0.00908323  
0.000989286  -0.0008718  -0.000929123  -0.0783684  0.00314079  0.0313254  
0.000656483  -0.000855681  -0.000922378  -0.0747767  0.0224729  0.0313629  
-0.000515018  -0.000665644  -0.000606158  -0.0747042  0.0566036  0.0414446  
-0.000791173  -0.000647124  -0.000623864  -0.0848706  0.0305226  0.0206726  
0.00102999  -0.000749751  -0.000883439  -0.0753069  -0.0288224  0.00497191  
-0.000305237  -0.000987153  -0.000844019  -0.0759831  0.036651  0.0285131  
-0.00109992  -0.000672294  -0.000735069  -0.0741425  0.0660282  0.0316205  
-0.000555491  -0.000664452  -0.000762918  -0.0839316  0.04501  0.00121044  
0.000900574  -0.000782637  -0.000904079  -0.073337  0.00223404  0.00638621  
0.00128515  -0.000807405  -0.00100512  -0.0769764  -0.00279563  0.00661343  
-0.000123503  -0.000717937  -0.000842735  -0.0704763  0.0406744  0.0568648  
-0.00111735  -0.000691806  -0.000763839  -0.0816353  0.0645727  0.0569865  
0.00130351  -0.000593208  -0.00101384  -0.0704913  -3.20769e-05  0.0031325  
0.001394  -0.000780996  -0.000763839  -0.0704671  -0.0157168  0.00369857  
-0.000105071  -0.000700593  -0.00101384  -0.0705001  0.0421019  0.046049  
-0.000385204  -0.000698141  -0.000896465  -0.0704802  0.0752795  0.0546879  
0.000307854  -0.00072765  -0.000763839  -0.0704737  0.0440124  0.0152514  
0.00113116  -0.000593394  -0.000763839  -0.0704822  0.0114756  -0.000440389  
0.00100242  -0.000649458  -0.00101384  -0.0705091  0.0101513  0.0171142  
0.00141772  -0.000690176  -0.00102226  -0.0704937  0.00934422  0.0163091  
0.000625363  -0.000670512  -0.000763839  -0.065754  0.0452982  0.0308653  
-0.000297202  -0.000530772  -0.000911712  -0.0640187  0.101169  0.0480069  
-0.000194194  -0.000530772  -0.00110193  -0.0717088  0.0315591  0.0322325  
0.00114737  -0.000530772  -0.00120122  -0.0709096  0.0055427  0.0186549  
0.00115395  -0.000488957  -0.00119807  -0.0674424  0.00823311  0.0249136  
0.000638561  -0.000604382  -0.00111924  -0.0756237  0.0363835  0.0355662  
-0.000414345  -0.000620163  -0.000856855  -0.0672364  0.0622338  0.0608927  
-8.00749e-06  -0.000530773  -0.00106441  -0.0756246  0.0280631  0.0325989  
0.000907955  -0.000530773  -0.0011929  -0.0756305  -0.00204075  0.0198248  
0.000368464  -0.000413247  -0.00126554  -0.0629148  0.0143623  0.039155  
-3.49018e-05  -0.000607747  -0.0011048  -0.0660954  0.0374647  0.0562736  
-0.000217538  -0.000530773  -0.00109659  -0.0669137  0.0535637  0.0563237  
0.00136303  -0.000530773  -0.0011753  -0.0705105  -0.00277657  0.0156021  
0.00138604  -0.000530773  -0.00118131  -0.0657559  -0.00503012  0.0184368  
0.0011385  -0.000530773  -0.00125156  -0.0620947  0.0326484  0.0366697  
-0.000919691  -0.000595939  -0.000955702  -0.0706402  0.0653275  0.0962812  
0.00104872  -0.000727081  -0.00120047  -0.0756159  -0.006515  0.0447909  
0.00056242  -0.000695741  -0.00147888  -0.0706859  -0.0022435  0.0737067  
0.00142076  -0.000695741  -0.00138561  -0.065166  -0.0110955  0.035541  
-0.000295447  -0.000595625  -0.00114465  -0.0649465  0.0562976  0.0804066  
-0.000497976  -0.00058098  -0.0012035  -0.0707013  0.0626873  0.0691429  
0.000124841  -0.00043643  -0.00130696  -0.0620515  0.0148426  0.0685922  
0.00011262  -0.000530773  -0.00134822  -0.0607849  0.0123008  0.0750023  
-2.97069e-05  -0.000530773  -0.00107879  -0.0575611  0.0353343  0.0747221  
-0.000770768  -0.000596717  -0.000932254  -0.058429  0.0543131  0.100113  
-5.92106e-05  -0.000530773  -0.00136179  -0.069324  -0.00235241  0.0710021  
-0.000284384  -0.000628091  -0.00118864  -0.0577521  0.0144723  0.0933569  
-0.000316205  -0.000530773  -0.0012386  -0.0583557  0.0372072  0.0908692  
5.74961e-05  -0.000530773  -0.00121047  -0.0650498  0.0485525  0.0667452  
0.000180248  -0.000530773  -0.00127429  -0.0609889  0.000438892  0.0401898  
0.00121844  -0.000638115  -0.00139544  -0.0600053  -0.0146033  0.0400995  
0.000160303  -0.000530774  -0.00148378  -0.0598804  0.0240239  0.0761372  
-0.000532294  -0.000584065  -0.00124998  -0.0546539  0.0792512  0.0882568  
-0.000432693  -0.000623465  -0.00143483  -0.060288  0.00600895  0.0730336  
-0.0001224  -0.000567215  -0.0014197  -0.0595037  -0.00075644  0.0634439  
0.00104979  -0.000631076  -0.00149536  -0.0596573  0.00631312  0.0606704  
-3.11519e-05  -0.000722651  -0.00125398  -0.0680641  0.0599175  0.0894324  
-0.00035544  -0.000648718  -0.00120004  -0.0585002  0.031646  0.0835776  
0.00049986  -0.000530774  -0.00145157  -0.0581732  0.00172392  0.061152  
-0.000101065  -0.000549864  -0.00163643  -0.0575022  0.0112688  0.0863313  
0.00038777  -0.000649714  -0.00155959  -0.0697018  0.0225292  0.0924055  
0.000304333  -0.000589046  -0.00130378  -0.0710385  0.0514579  0.102294  
0.000583148  -0.00069897  -0.00159035  -0.071003  0.00494263  0.0711371  
0.000638579  -0.000603218  -0.00157981  -0.0610922  0.00496138  0.073569  
0.000721177  -0.00045472  -0.00151298  -0.0595822  0.0236217  0.0768375  
-0.000694546  -0.000699652  -0.00136265  -0.0645716  0.0622042  0.0977391  
0.00114573  -0.000702568  -0.00153415  -0.0677397  -0.00595893  0.0493496  
0.000679757  -0.000763012  -0.00164692  -0.0610592  0.00297576  0.0654349  
0.00143897  -0.000681093  -0.00153847  -0.0631208  0.00564792  0.0468746  
1.08421e-05  -0.000645306  -0.00132723  -0.0600533  0.0685454  0.084001  
0.000199171  -0.000617268  -0.00154341  -0.0664704  0.0129795  0.0644942  
0.00149529  -0.000636339  -0.0016631  -0.0633499  -0.0143175  0.0414189  
0.000462632  -0.000376841  -0.0016631  -0.0573235  0.00337352  0.0770935  
2.60899e-05  -0.000429059  -0.0014131  -0.0605969  0.0474349  0.0866371  
-0.00011341  -0.000360576  -0.0016631  -0.063864  0.0395893  0.0762623  
0.0019545  -0.000581369  -0.00157131  -0.0674623  -0.0306182  0.0294664  
0.00186849  -0.00039974  -0.00156644  -0.0607505  -0.0171028  0.047816  
-0.000151495  -0.000460427  -0.00182807  -0.0620626  0.0490004  0.100665  
0.000484867  -0.000412183  -0.0015963  -0.0613993  0.0407091  0.0632034  
0.000983564  -0.000280775  -0.00176054  -0.0666315  -0.0300221  0.0713013  
0.000190023  -0.000336468  -0.0016631  -0.0599646  0.00361983  0.101097  
-0.000216702  -0.000670671  -0.00157604  -0.0681167  0.0669897  0.105723  
-0.000133897  -0.000452875  -0.0014131  -0.0655638  0.0211875  0.0826858  
0.000748293  -0.000280775  -0.0016631  -0.0587364  -0.0173275  0.0412921  
0.000700189  -0.000280775  -0.00174473  -0.0599499  -0.0136445  0.0718162  
0.000396093  -0.000334717  -0.0016631  -0.0624253  0.00661951  0.0676009  
0.000254382  -0.000559095  -0.0016631  -0.0762941  0.0359214  0.0653985  
0.000350876  -0.000585429  -0.00157493  -0.0762815  0.0190601  0.0459007  
0.00113571  -0.000280775  -0.0016631  -0.0644858  -0.0209242  0.0292469  
0.000941915  -0.000412367  -0.0016631  -0.0648078  0.00934346  0.0547008  
8.62358e-05  -0.000617917  -0.0014131  -0.06771  0.0601968  0.0861527  
-0.000290841  -0.000579743  -0.0016631  -0.0697338  0.0291408  0.0716147  
0.000918585  -0.000280775  -0.0016631  -0.0648031  -0.00400871  0.0431128  
0.000724452  -0.000494895  -0.00178281  -0.0687007  0.0123543  0.0658197  
0.000100469  -0.000576511  -0.0014131  -0.0684694  0.036267  0.10133  
-0.000599631  -0.000615185  -0.0014131  -0.0674306  0.0326761  0.101324  
0.000707011  -0.000511266  -0.0016631  -0.0647801  -0.0103357  0.0515561  
0.000579334  -0.000382984  -0.0016631  -0.0600467  0.00595383  0.068223  
0.000109877  -0.000617172  -0.00159748  -0.0647839  0.0387994  0.0844613  
4.4131e-05  -0.000619602  -0.0014131  -0.0647651  0.0435344  0.0795218  
0.000332675  -0.000444547  -0.0016631  -0.0619728  -0.000771738  0.0571371  
-1.80237e-05  -0.000359904  -0.00157226  -0.056043  0.0112715  0.069594  
0.000255151  -0.000542185  -0.00172682  -0.0678052  0.0250018  0.0898384  
-0.000157928  -0.000488554  -0.0016631  -0.06757  0.0514131  0.0993652  
0.000262435  -0.000530775  -0.00174681  -0.0717525  0.00365992  0.074458  
0.00151255  -0.000280775  -0.00179498  -0.0636891  -0.0121223  0.0466407  
0.000250349  -0.000280775  -0.0017581  -0.0586599  0.0202317  0.100037  
-1.93008e-05  -0.000280775  -0.00156825  -0.0581607  0.0269902  0.116859  
0.000121178  -0.000280775  -0.00157103  -0.0589266  -0.00132482  0.0850531  
0.000498752  -0.000280775  -0.00177305  -0.0584703  -0.00202091  0.0669508  
0.000163411  -0.000280775  -0.00176441  -0.0575396  0.00920898  0.0921605  
-0.000200376  -0.000280775  -0.0015619  -0.0610279  0.0408322  0.109358  
-0.000130754  -0.000280775  -0.00172825  -0.0623844  -0.00672974  0.0781079  
0.001335  -0.000280775  -0.00176614  -0.0585163  -0.0198786  0.0352849  
0.000330646  -0.000280775  -0.00194894  -0.0578502  0.0150236  0.0737646  
-0.000221106  -0.000433964  -0.00176868  -0.0603677  0.0530615  0.0843634  
6.26416e-05  -0.000280775  -0.00185734  -0.0569164  0.0164074  0.0641291  
0.000354684  -0.000280775  -0.00173638  -0.057597  -0.0079342  0.0683696  
0.000783364  -0.000280775  -0.00194086  -0.061551  0.0119009  0.0470846  
1.84377e-05  -0.000280775  -0.00176335  -0.0595547  0.0316224  0.0996623  
4.10108e-05  -0.000280775  -0.00163012  -0.0607157  0.0293471  0.0792708  
0.00038675  -0.000170756  -0.00173184  -0.0585779  -0.0112191  0.0710124  
0.000332702  -0.000280775  -0.00181175  -0.0542014  -0.0019739  0.0808734  
0.000213584  -0.000180535  -0.00183898  -0.0542247  0.0313975  0.0928414  
-0.000281179  -0.000280775  -0.00172484  -0.0574218  0.0507417  0.0898485  
0.000541158  -0.000170814  -0.00173939  -0.0642423  -0.0249248  0.072088  
0.00145755  -9.99008e-05  -0.0018146  -0.0580763  -0.0208777  0.060516  
0.000406072  -0.000174613  -0.00184613  -0.054215  0.0165315  0.0882714  
-0.000133764  -0.000280775  -0.00159911  -0.0541916  0.0496037  0.104813  
0.000308093  -0.000162314  -0.00189752  -0.0593649  -0.00753294  0.078462  
0.00102068  -0.000280775  -0.0018082  -0.0620491  -0.0118873  0.0772557  
0.000419451  -0.000158611  -0.00191033  -0.0542204  -0.00446408  0.086598  
-0.000137261  -0.000280775  -0.00163285  -0.0542014  0.0504231  0.0843849  
4.23029e-05  -0.000215538  -0.00174252  -0.0642866  0.0239933  0.0724977  
0.00050772  -0.000117327  -0.00174962  -0.0613419  -0.0243756  0.0605667  
0.000448972  -0.000135543  -0.00195014  -0.0542355  0.0012918  0.0822682  
0.000200885  -0.000280775  -0.00179251  -0.0638567  0.0190975  0.0929845  
-3.18987e-05  -0.000280775  -0.00177984  -0.0673171  0.0512855  0.056052  
0.000280547  -0.000280775  -0.00185548  -0.0659597  -0.00545754  0.0660473  
0.000785585  -0.000280775  -0.00178861  -0.0668369  0.00205908  0.0560174  
-0.000305919  -0.000280775  -0.0019053  -0.0575547  0.0267184  0.0997511  
-0.000833737  -0.000280775  -0.0014131  -0.0584533  0.0819241  0.0937486  
-0.000421522  -6.01049e-05  -0.00175921  -0.0652634  -0.0109194  0.0966367  
0.000120382  -9.87711e-05  -0.0016631  -0.0608138  -0.00608427  0.0998492  
-0.000127321  -8.462e-05  -0.0016631  -0.0568791  0.0152949  0.122021  
-0.000712552  -0.000227832  -0.0014131  -0.0541835  0.0385916  0.113578  
-0.00132582  -0.000280775  -0.0014131  -0.0589383  0.0629855  0.104606  
-0.000662266  -0.000280775  -0.0016631  -0.0656376  0.000499588  0.0894782  
-0.000632372  -0.000107471  -0.00156966  -0.0613424  -0.0189253  0.103367  
0.000324522  -0.000280775  -0.00158442  -0.0586054  -0.0120184  0.0828304  
-0.000146408  -0.000172603  -0.00154539  -0.0602918  0.0107814  0.0828573  
-0.000754842  -0.000280775  -0.0012902  -0.0600582  0.0525536  0.0829642  
-0.000697034  -0.000337414  -0.00160527  -0.0609793  -0.0131965  0.0724009  
0.000182515  -0.000371925  -0.0014131  -0.0541708  -0.00800465  0.070668  
-0.000129602  -0.000581223  -0.00131374  -0.0484525  -0.00824099  0.069707  
1.18377e-05  -0.000749268  -0.000989171  -0.0582114  0.0299637  0.0829227  
-0.000539243  -0.000904066  -0.000989171  -0.0674025  0.0468926  0.0829995  
-0.000272899  -0.000763927  -0.00138934  -0.0574242  0.00707812  0.0829678  
-0.000158713  -0.000675106  -0.00136493  -0.0568088  0.02307  0.0732069  
-0.000146205  -0.00059972  -0.00147315  -0.0541402  0.00673889  0.0951734  
6.26848e-05  -0.000629066  -0.0015153  -0.0652377  0.00716466  0.103789  
-0.000649863  -0.000649043  -0.0013481  -0.0599348  0.0482221  0.112346  
-0.000417985  -0.00059697  -0.00125377  -0.0674116  0.0482537  0.0779056  
-0.000457066  -0.000680452  -0.00129999  -0.0597927  -0.0129534  0.0874782  
-9.73677e-05  -0.000699051  -0.00140637  -0.0585915  -0.00260169  0.0954258  
-0.000431279  -0.000700482  -0.00134312  -0.0567387  0.0146651  0.0955161  
-0.00110768  -0.000724747  -0.000989172  -0.0569389  0.077025  0.0998172  
-0.000307914  -0.000816783  -0.00131922  -0.0664339  0.00554094  0.0654271  
0.000422533  -0.000869999  -0.00130397  -0.0709422  -0.0307421  0.0478556  
0.000318465  -0.000736143  -0.00133268  -0.0608372  -0.00814351  0.0488044  
-0.000893405  -0.00080775  -0.00105751  -0.0667721  0.0541137  0.078046  
-0.00128108  -0.000807642  -0.000825582  -0.0586362  0.0614811  0.056774  
-3.57469e-05  -0.00095566  -0.00123917  -0.0693058  0.0235129  0.0541049  
-0.000155357  -0.000699269  -0.00130319  -0.064664  0.0056568  0.0472469  
-0.00076201  -0.000612895  -0.000989172  -0.0599076  0.0422106  0.0736392  
-0.000313009  -0.000756523  -0.00123917  -0.0688714  0.0327666  0.056024  
-0.00054406  -0.000716068  -0.00123917  -0.0646898  -0.00416314  0.0682083  
-0.000443682  -0.0007077  -0.00140025  -0.0575604  0.00173443  0.0757105  
-0.000375591  -0.000691155  -0.00106324  -0.0579944  0.0551329  0.0461359  
-0.00135765  -0.00069873  -0.000989172  -0.0567487  0.0497523  0.0573795  
-0.0002935  -0.000582428  -0.00123917  -0.0580255  -0.00330342  0.0552644  
-0.000569368  -0.000695989  -0.00129438  -0.0541429  0.0109967  0.082741  
-0.000726718  -0.000609404  -0.000928575  -0.0540914  0.0545592  0.0851686  
-0.000908438  -0.000697374  -0.000834949  -0.054072  0.0406603  0.0561617  
0.000944338  -0.000612689  -0.000989172  -0.0541108  -0.0283849  0.0202828  
-0.000547559  -0.000665782  -0.000989172  -0.0541013  0.0325708  0.0791802  
-0.00149423  -0.000760408  -0.000989172  -0.0540817  0.0677901  0.0933594  
0.000151384  -0.000582456  -0.000989173  -0.0541143  0.00358328  0.0582362  
1.8057e-05  -0.000603177  -0.00115795  -0.0541275  0.0013834  0.0582559  
-0.000458164  -0.000633508  -0.000989173  -0.0541036  0.0281673  0.0703849  
-0.000554287  -0.000704716  -0.000816829  -0.0540832  0.0457722  0.0823592  
6.18251e-05  -0.000691142  -0.000989173  -0.054102  0.00998096  0.052743  
-0.000115258  -0.000694254  -0.000989173  -0.0491004  0.0187325  0.0738114  
0.000310314  -0.000616041  -0.00123917  -0.0496155  0.0069663  0.0639555  
-0.000296698  -0.000668137  -0.000989173  -0.0490673  0.0598642  0.0703946  
-0.00110154  -0.000755684  -0.000744871  -0.0514843  0.0446107  0.0804579  
-0.000537457  -0.00071603  -0.00123917  -0.054102  -0.00855083  0.0703811  
0.000402875  -0.000647703  -0.000989173  -0.0473547  0.0119653  0.0654954  
-0.000707158  -0.000766951  -0.000804185  -0.0497673  0.0537689  0.0884461  
-0.000388735  -0.000636571  -0.00077333  -0.0480661  0.0409313  0.0583074  
7.96772e-05  -0.000602058  -0.000913722  -0.0541052  0.00806832  0.0520728  
0.000171761  -0.000595773  -0.0010405  -0.054129  0.00653786  0.0559521  
7.33275e-05  -0.00072718  -0.000989173  -0.0541161  0.041513  0.0753181  
0.000262646  -0.000661032  -0.000989173  -0.0541179  0.0529361  0.0469076  
0.00119978  -0.000609916  -0.000989174  -0.0541179  0.000728906  0.0202469  
0.00162494  -0.000600734  -0.000989173  -0.054113  0.0138481  0.0133279  
0.00124899  -0.000530777  -0.000989174  -0.0541173  0.00993507  0.0475487  
0.000489709  -0.000586755  -0.000989173  -0.054103  0.0846827  0.0995238  
0.00120674  -0.000437112  -0.00118803  -0.056859  -1.31738e-05  0.0732689  
