0  -0  0  0  0  0  
0  -0  0  0  0.0055145  0  
0.00346128  -0.000845825  0  0.00996327  -0.01016  -0.0424661  
0.00241518  -0.000436759  0  -1.3268e-05  -0.00521701  -0.0270665  
0.00241518  -0.000402283  0  0.0116425  -0.0278117  -0.0279115  
0.00285513  -0.000473921  0  0.0164776  -0.0278215  -0.00172737  
0.00299759  -0.000717481  0  0.0164893  -0.0851308  0.0016553  
0.00295199  -0.000610587  -0.000138142  0.0164622  -0.0491053  -0.0297849  
0.00276181  -0.000707244  -0.000302395  0.0164181  -0.0191704  -0.0498584  
0.00276005  -0.000708677  -0.000290761  0.0164305  -0.0586129  -0.0417773  
0.00408037  -0.000805771  -0.000282491  0.0163902  -0.0655931  -0.0960967  
0.00712397  -0.00117662  -0.000251939  0.0370605  -0.0654195  -0.117856  
0.0049939  -0.000789505  -0.000378704  0.0163858  -0.011632  -0.0965135  
0.00458092  -0.000647092  -4.23517e-22  0.0285528  -0.0548779  -0.0654191  
0.00417437  -0.000535463  -0.000146341  0.0343019  -0.0641161  -0.0612771  
0.00364718  -0.000576698  -0.000366383  0.0196184  -0.054821  -0.0613031  
0.00364718  -0.000709772  -0.000498603  0.0164492  -0.0426085  -0.0613065  
0.00332147  -0.000983797  -0.000874745  0.0164543  -0.0547974  -0.0613102  
0.00344534  -0.00117075  -0.000700957  0.0164407  -0.127736  -0.061314  
0.00338211  -0.000836447  -0.000787223  0.0164397  -0.0872346  -0.0866732  
0.00361222  -0.00086645  -0.000760079  0.0164542  -0.087244  -0.0827157  
0.00358833  -0.000887177  -0.000707785  0.0164675  -0.103887  -0.0623478  
0.00356152  -0.000864593  -0.000463593  0.0164561  -0.0872386  -0.0623543  
0.00331512  -0.00077288  -0.000463593  0.0164551  -0.0467668  -0.0623749  
0.00351357  -0.000846447  -0.000463593  0.0164341  -0.0540258  -0.0623667  
0.00322803  -0.000905735  -0.000888803  0.0164125  -0.0629821  -0.0623789  
0.00377089  -0.0010302  -0.000463593  0.0163912  -0.134002  -0.0733732  
0.00364318  -0.000922451  -0.000635404  0.0225005  -0.0948367  -0.089671  
0.0037963  -0.000886851  -0.000463593  0.0185487  -0.0716574  -0.0982974  
0.00406669  -0.000810584  -0.00039337  0.0164739  -0.0990703  -0.0672404  
0.00322803  -0.000818054  -0.000856064  0.0164704  -0.0615695  -0.0672699  
0.00338161  -0.000753649  -0.000949446  0.0164572  -0.061587  -0.067251  
0.00333928  -0.000751017  -0.00116992  -0.00904611  -0.0837627  -0.0672295  
0.00375029  -0.00136488  -0.000897746  -0.0428279  -0.111742  -0.0671059  
0.00382011  -0.00124543  -0.000883461  -0.0178599  -0.0916658  -0.0926597  
0.00386289  -0.00117306  -0.000621519  0.00445654  -0.0766006  -0.103036  
0.0038519  -0.00110977  -0.000395099  0.0280002  -0.115347  -0.066969  
0.00377862  -0.00119448  -0.000379881  0.0226717  -0.101178  -0.0570676  
0.0037686  -0.00120518  -0.000451329  0.0226689  -0.106223  -0.0669706  
0.00376463  -0.00118155  -0.00031227  0.0290807  -0.0870427  -0.0892308  
0.00487275  -0.000765614  0.000280269  0.0405229  -0.101155  -0.130414  
0.00373403  -0.000701577  -4.97992e-05  0.0405553  -0.0674361  -0.128066  
0.00335932  -0.000511375  0.00017177  0.0405722  -0.0907591  -0.115862  
0.00335932  -0.000531403  0.00017177  0.0405607  -0.0780789  -0.12807  
0.00335932  -0.000554996  -4.26537e-05  0.0405593  -0.0739908  -0.128063  
0.0034165  -0.000690595  -0.000252215  0.0405343  -0.0570754  -0.132734  
0.00335932  -0.000696798  -0.000684831  0.0332061  -0.0570482  -0.12806  
0.00305542  -0.000715642  -0.000808935  0.0202861  -0.0569849  -0.128053  
0.00316977  -0.000945394  -0.000918497  0.0202331  -0.0570068  -0.131092  
0.00335932  -0.00105185  -0.000927583  0.0201998  -0.0616429  -0.128051  
0.00335932  -0.00116178  -0.000959866  0.0201656  -0.0570457  -0.146306  
0.00346068  -0.0010628  -0.0008306  0.0202649  -0.125326  -0.128055  
0.0033075  -0.00107454  -0.000841278  0.0202246  -0.0720817  -0.128057  
0.00333177  -0.000962068  -0.000849278  0.0202406  -0.0418562  -0.141151  
0.00317366  -0.00106488  -0.000785826  0.0369262  -0.107523  -0.128045  
0.0033431  -0.00103643  -0.000808653  0.0241347  -0.0722643  -0.144616  
0.00313287  -0.00102233  -0.000888547  0.0202971  -0.0600614  -0.103161  
0.0034993  -0.00106696  -0.000840108  0.0202979  -0.0770309  -0.103137  
0.00334621  -0.00109742  -0.000896547  0.0202862  -0.0770189  -0.103134  
0.00347665  -0.00109284  -0.0011729  0.0203067  -0.086925  -0.10311  
0.00359496  -0.00113669  -0.000946786  0.0202881  -0.0949103  -0.1031  
0.00371696  -0.001062  -0.000956227  0.0202586  -0.0809959  -0.139535  
0.00356847  -0.0012476  -0.000911285  0.0297201  -0.0731543  -0.109668  
0.00365646  -0.00118257  -0.000991718  0.0375115  -0.0821285  -0.109645  
0.00367363  -0.00110939  -0.0010215  0.0367267  -0.0821592  -0.109621  
0.00361677  -0.00120758  -0.000950321  0.040878  -0.0916997  -0.109639  
0.00370893  -0.00129594  -0.00107269  0.0470584  -0.105246  -0.132348  
0.00377827  -0.00123915  -0.00103999  0.0393043  -0.101875  -0.109602  
0.00382977  -0.00118503  -0.0010451  0.0237745  -0.108778  -0.109581  
0.00377827  -0.00121337  -0.000961564  0.020284  -0.130969  -0.109591  
0.00386089  -0.00102855  -0.000869766  0.0203138  -0.115156  -0.0967327  
0.00393614  -0.00125678  -0.000810859  0.0355914  -0.115656  -0.109593  
0.00377827  -0.00112371  -0.000548797  0.0376058  -0.143392  -0.109605  
0.00413984  -0.00119042  -0.000585642  0.0375987  -0.153119  -0.0812899  
0.00417707  -0.00123532  -0.000490748  0.0375822  -0.143443  -0.0957211  
0.00405897  -0.00116136  -0.000542518  0.0375864  -0.132659  -0.0943343  
0.00452057  -0.00105746  -0.000586959  0.0214995  -0.111728  -0.0976642  
0.0043385  -0.00112907  -0.000693888  0.0214947  -0.127059  -0.0812724  
0.00452358  -0.000866268  -0.000553878  0.021485  -0.0938593  -0.0874939  
0.00415882  -0.00118675  -0.000607349  0.0214039  -0.0868387  -0.120573  
0.00429339  -0.00130492  -0.000832166  0.0213895  -0.0948387  -0.120567  
0.0041098  -0.00133395  -0.000768082  0.00436769  -0.115083  -0.120555  
0.00429027  -0.00125088  -0.000871223  0.00437914  -0.0759141  -0.120546  
0.00420831  -0.00122095  -0.000744315  0.0168312  -0.0677019  -0.120556  
0.00377827  -0.0011503  -0.00069813  0.022274  -0.094706  -0.120581  
0.00390497  -0.00118538  -0.000656185  0.0222518  -0.0947361  -0.120568  
0.00425782  -0.00146109  -0.000824509  0.0221923  -0.0914296  -0.143804  
0.00431461  -0.00136889  -0.000944387  0.0198451  -0.0861143  -0.154402  
0.00415146  -0.00137198  -0.000948866  0.0123417  -0.0948012  -0.154224  
0.00431715  -0.00129275  -0.000953897  0.0183299  -0.0948468  -0.158045  
0.00416211  -0.00123839  -0.000945765  0.0116971  -0.0948038  -0.152429  
0.00428414  -0.00136685  -0.000764597  0.0183426  -0.141786  -0.143432  
0.00439866  -0.00132397  -0.00086407  0.0209  -0.115638  -0.149351  
0.00424495  -0.00125006  -0.000785353  0.0204786  -0.139819  -0.133786  
0.00432255  -0.00120397  -0.000770693  0.0226907  -0.133014  -0.113083  
0.00436126  -0.00136892  -0.000534091  0.0269162  -0.118366  -0.114241  
0.00400469  -0.00131131  -0.000904058  0.0269329  -0.118301  -0.114267  
0.00398006  -0.00132509  -0.000902114  0.0268869  -0.111332  -0.123499  
0.00386542  -0.00122312  -0.000875283  0.0268789  -0.10797  -0.14471  
0.00388518  -0.00126361  -0.000917808  0.0205198  -0.0753891  -0.158963  
