0 565.46922735
1 565.44426553
2 565.55070640
3 565.44140808
4 565.48189349
5 565.46835440
6 565.44688052
7 565.55497130
8 565.43046532
9 565.52197754
10 565.44074926
11 565.51579514
12 565.49989078
13 565.43890322
14 565.53525768
15 565.46166635
16 565.49919633
17 565.50815736
18 565.46434573
19 565.58602195
20 565.40074102
21 565.44884675
22 565.48387223
23 565.54110672
24 565.44455648
25 565.51636925
26 565.47738307
27 565.43254660
28 565.53988297
29 565.44373825
30 565.50703829
31 565.48183251
32 565.45771811
33 565.53932387
34 565.45204326
35 565.49243978
36 565.51786337
37 565.45171105
38 565.53346081
39 565.46842950
40 565.48599362
41 565.51708110
42 565.42624582
43 565.52063550
44 565.44938076
45 565.51600046
46 565.50666994
47 565.44969396
48 565.54812944
49 565.43004729
50 565.53007736
51 565.49987977
52 565.43925123
53 565.53828008
54 565.45093673
55 565.47546767
56 565.51872685
57 565.48047420
58 565.49708219
59 565.48961286
60 565.47301413
61 565.52069257
62 565.44971782
63 565.48887070
64 565.52413440
65 565.46088544
66 565.48549305
67 565.50017336
68 565.45542527
69 565.51892684
70 565.47334671
71 565.50340465
72 565.50186166
73 565.45833215
74 565.50370422
75 565.48264145
76 565.50377058
77 565.50938359
78 565.46551002
79 565.48238597
80 565.50707980
81 565.47952309
82 565.48534573
83 565.50734954
84 565.48271809
85 565.43898387
86 565.53730158
87 565.48316824
88 565.46881336
89 565.48533413
90 565.64003285
91 565.27786219
92 565.47232728
93 565.54017217
94 565.43647535
95 565.45461899
96 565.50738485
97 565.49072967
98 565.52020834
99 565.42799838
100 565.43389343
101 567.26733650
102 565.61129705
103 563.95372884
104 565.12105912
105 565.36516637
106 565.42953039
107 565.41851635
108 565.45348225
109 565.42551730
110 565.59659073
111 565.44047017
112 565.53313172
113 565.50250450
114 565.49344787
115 565.51014399
116 565.48127100
117 565.46295347
118 565.49216895
119 565.47417929
120 565.48635989
121 565.52048618
122 565.46457040
123 565.51197079
124 565.47762338
125 565.45630242
126 565.54734016
127 565.42049413
128 565.51073983
129 565.45330996
130 565.47990743
131 565.48432291
132 565.49393184
133 565.51564750
134 565.47314641
135 565.48797913
136 565.49366928
137 565.47951747
138 565.49829806
139 565.47363687
140 565.50943267
141 565.45496272
142 565.48537448
143 565.50520288
144 565.45593071
145 565.53339712
146 565.47406994
147 565.46059097
148 565.54070841
149 565.46208858
150 565.45643882
151 565.49787835
152 565.45866873
153 565.53299844
154 565.46137370
155 565.48926909
156 565.49147485
157 565.48177209
158 565.53951493
159 565.44920161
160 565.53287524
